8.4615e-10 1.7841e+10 3.1643e+10 3.2326e+10 2.9214e+10 2.9103e+10 4.7184e+10 2.0328e+10 1.4403e+10 2.9093e+10 3.1102e+10 4.2823e+10 4.2105e+10 5.5444e+10 1.5622e+10 1.4286e+10 5.324e+10 2.7278e+10 9.6308e+09 5.9558e+09 2.0262e+10 2.7219e+10 1.3127e+10 2.0601e+10 3.0888e+10 2.8723e+10 2.7908e+10 2.3289e+10 3.0393e+10 1.6844e+10 3.5983e+10 1.4747e+10 1.8033e+10
1.6462e-09 1.192e+10 2.2204e+10 3.6808e+10 4.1471e+10 1.9105e+10 4.2028e+10 6.5563e+10 3.9304e+10 4.9288e+10 3.9568e+10 4.0694e+10 3.7934e+10 4.0608e+10 4.3601e+10 9.7068e+09 3.8947e+10 2.5456e+10 3.7923e+10 2.0502e+10 1.5053e+10 2.0372e+10 1.9652e+10 4.2881e+10 3.5796e+10 1.8089e+10 2.7908e+10 2.5261e+10 2.3774e+10 1.0286e+10 3.0891e+10 2.6271e+10 2.0004e+10
2.4462e-09 2.9685e+10 -1.3932e+09 4.5772e+10 6.19e+10 3.9102e+10 4.7184e+10 9.3206e+10 7.6656e+10 4.48e+10 4.8034e+10 3.0051e+10 3.5848e+10 2.3918e+10 4.5246e+10 4.9394e+10 4.0535e+10 2.3634e+10 3.7923e+10 1.5047e+10 8.1081e+09 1.8661e+10 2.4546e+10 3.774e+10 3.7431e+10 4.3915e+10 2.3266e+10 1.3427e+10 1.2192e+10 1.6844e+10 2.2405e+10 2.8192e+10 2.7885e+10
3.2462e-09 -5.8453e+09 1.7485e+10 4.129e+10 5.7814e+10 3.9102e+10 5.2339e+10 6.305e+10 7.6656e+10 2.9093e+10 3.7452e+10 4.0694e+10 5.0447e+10 2.2063e+10 4.1955e+10 5.2447e+10 4.53e+10 1.2703e+10 3.9944e+10 9.5924e+09 9.8444e+09 2.893e+10 2.2915e+10 2.7457e+10 3.7431e+10 3.6319e+10 1.3983e+10 2.7234e+10 1.2192e+10 1.5205e+10 1.5616e+10 2.0509e+10 2.0004e+10
4.0462e-09 1.7841e+10 -1.0832e+10 1.4397e+10 8.6415e+10 3.5769e+10 4.7184e+10 4.5458e+10 6.1715e+10 2.4605e+10 4.3801e+10 4.4952e+10 6.9218e+10 3.6899e+10 3.3726e+10 4.4815e+10 3.7359e+10 9.0587e+09 4.8027e+10 1.5047e+10 8.1081e+09 1.8661e+10 2.6178e+10 3.774e+10 2.2709e+10 2.7204e+10 1.2436e+10 4.4985e+10 1.5501e+10 8.6467e+09 3.0891e+10 1.8588e+10 8.1818e+09
4.8462e-09 2.3763e+10 3.3263e+09 2.3361e+10 5.7814e+10 6.5765e+10 3.1716e+10 3.7919e+10 7.6656e+10 2.4605e+10 5.2267e+10 5.1338e+10 5.879e+10 6.6571e+10 3.8663e+10 4.7868e+10 2.6242e+10 2.3634e+10 3.7923e+10 2.9594e+10 2.1998e+10 2.3796e+10 3.1072e+10 3.774e+10 1.453e+10 3.3281e+10 2.9455e+10 4.8929e+10 2.0465e+10 1.5205e+10 3.0891e+10 2.6271e+10 1.0152e+10
5.6462e-09 5.9293e+10 1.7485e+10 1.8879e+10 6.19e+10 3.5769e+10 3.4294e+10 4.0432e+10 5.4245e+10 5.1532e+10 5.0151e+10 4.9209e+10 4.0019e+10 4.2463e+10 4.3601e+10 4.7868e+10 2.4654e+10 4.3675e+10 2.5798e+10 3.8685e+10 2.7207e+10 2.5507e+10 2.4546e+10 2.0601e+10 3.0888e+10 3.48e+10 1.8624e+10 4.104e+10 2.8738e+10 2.5042e+10 2.2405e+10 1.6668e+10 1.0152e+10
6.4462e-09 5.3371e+10 2.6924e+10 9.9146e+09 4.1471e+10 2.2438e+10 4.2028e+10 1.7815e+10 4.6774e+10 6.2752e+10 5.2267e+10 6.8368e+10 2.3334e+10 2.5772e+10 2.8788e+10 3.7183e+10 4.53e+10 3.821e+10 2.3777e+10 2.9594e+10 1.6789e+10 3.92e+10 3.1072e+10 1.3746e+10 2.1074e+10 2.8723e+10 7.794e+09 2.9206e+10 2.3774e+10 3.16e+10 1.5616e+10 1.0906e+10 6.2115e+09
7.2462e-09 2.3763e+10 8.0457e+09 6.8183e+10 3.7386e+10 2.5771e+10 5.7495e+10 1.5302e+10 2.6853e+10 6.4996e+10 3.9568e+10 5.7724e+10 2.1249e+10 1.4645e+10 2.5497e+10 2.3445e+10 3.2595e+10 1.8168e+10 3.5902e+10 1.5047e+10 9.8444e+09 2.3796e+10 3.2703e+10 1.2032e+10 1.6166e+10 3.1761e+10 7.794e+09 2.5261e+10 1.2192e+10 3.16e+10 1.5616e+10 7.0641e+09 1.2122e+10
8.0462e-09 3.5606e+10 1.2765e+10 7.2665e+10 2.5128e+10 1.2439e+10 4.9762e+10 5.0484e+10 9.4226e+09 4.2556e+10 5.65e+10 3.6437e+10 2.3334e+10 1.4645e+10 2.7143e+10 4.3289e+10 4.0535e+10 1.6346e+10 2.9839e+10 2.7775e+10 1.1581e+10 2.3796e+10 2.7809e+10 3.4312e+10 9.6231e+09 3.3281e+10 1.8624e+10 2.9206e+10 2.0465e+10 2.5042e+10 1.5616e+10 1.4747e+10 2.0004e+10
8.8462e-09 5.3371e+10 3.1643e+10 7.2665e+10 2.5128e+10 1.2439e+10 3.1716e+10 4.2945e+10 1.4403e+10 3.5825e+10 5.4383e+10 2.5793e+10 2.9591e+10 2.9481e+10 3.5372e+10 3.5656e+10 3.7359e+10 1.0881e+10 2.7818e+10 2.5957e+10 2.7207e+10 3.5777e+10 2.2915e+10 2.2315e+10 6.3516e+09 2.7204e+10 2.4813e+10 2.1317e+10 2.8738e+10 2.1763e+10 1.901e+10 2.243e+10 2.0004e+10
9.6462e-09 2.9685e+10 4.1082e+10 4.129e+10 1.6957e+10 1.9105e+10 4.4606e+10 3.038e+10 2.4363e+10 2.6849e+10 4.1685e+10 2.3664e+10 2.9591e+10 4.0608e+10 2.3851e+10 4.0236e+10 5.324e+10 3.5929e+09 4.6006e+10 3.8685e+10 4.6306e+10 3.2353e+10 8.2327e+09 1.3746e+10 6.3516e+09 4.2395e+10 3.2549e+10 9.4826e+09 2.3774e+10 1.3565e+10 2.0708e+10 2.243e+10 2.9855e+10
1.0846e-08 1.192e+10 1.0405e+10 3.0084e+10 1.0828e+10 3.077e+10 4.4606e+10 1.6559e+10 1.0668e+10 1.7873e+10 3.851e+10 2.6858e+10 2.9591e+10 4.5244e+10 1.8091e+10 2.7261e+10 3.7359e+10 9.9696e+09 2.3777e+10 2.4139e+10 2.8943e+10 2.0372e+10 1.3942e+10 2.9171e+10 9.6231e+09 3.6319e+10 3.7191e+10 1.0469e+10 1.5501e+10 2.5042e+10 1.2221e+10 2.0509e+10 2.493e+10
1.2046e-08 5.998e+09 9.6189e+09 5.0254e+10 1.6957e+10 3.5769e+10 3.3435e+10 1.8653e+10 7.7625e+09 1.5629e+10 2.9691e+10 3.8566e+10 2.681e+10 3.6281e+10 2.3851e+10 2.2427e+10 2.6772e+10 6.0221e+09 1.1652e+10 2.7169e+10 2.7786e+10 2.2084e+10 2.4546e+10 2.7457e+10 2.1619e+10 3.0242e+10 3.4612e+10 1.3427e+10 1.2744e+10 2.3949e+10 1.6182e+10 2.0509e+10 2.0004e+10
1.3246e-08 -2.8844e+09 1.5125e+10 4.129e+10 1.9e+10 2.7437e+10 3.0427e+10 4.1689e+10 1.4403e+10 2.2361e+10 1.7345e+10 4.2823e+10 2.7506e+10 3.5972e+10 1.4799e+10 2.4208e+10 1.9096e+10 1.1792e+10 1.0641e+10 3.4139e+10 2.4602e+10 2.1228e+10 2.6178e+10 1.9744e+10 1.7802e+10 4.0876e+10 1.9398e+10 1.4413e+10 1.2192e+10 2.4222e+10 1.7313e+10 1.4747e+10 2.5915e+10
1.4446e-08 1.3894e+10 2.0631e+10 2.6349e+10 1.2871e+10 3.7991e+10 3.6013e+10 4.7134e+10 1.6893e+10 2.7597e+10 2.052e+10 4.1404e+10 3.1677e+10 3.4427e+10 1.1782e+10 2.2427e+10 2.2007e+10 2.7278e+10 1.1652e+10 2.4139e+10 1.5632e+10 1.5238e+10 2.3459e+10 1.4317e+10 9.0779e+09 2.9736e+10 1.553e+10 1.6057e+10 1.6053e+10 2.3949e+10 1.6747e+10 1.0265e+10 3.1169e+10
1.6046e-08 1.7841e+10 1.7485e+10 1.4397e+10 3.33e+10 4.1324e+10 4.0309e+10 2.5354e+10 1.0253e+10 3.2833e+10 2.2636e+10 3.147e+10 2.403e+10 4.4317e+10 2.4948e+10 2.1918e+10 4.5829e+10 4.7927e+10 1.0978e+10 1.2623e+10 8.1081e+09 1.4097e+10 2.8353e+10 1.3746e+10 6.8968e+09 1.6064e+10 1.3983e+10 1.9344e+10 2.1016e+10 1.9577e+10 1.4484e+10 1.2186e+10 3.7737e+10
1.7646e-08 2.3763e+10 3.9509e+10 3.2326e+10 4.6919e+10 2.2438e+10 2.9998e+10 1.5302e+10 2.5193e+10 3.4329e+10 2.828e+10 2.1536e+10 1.7078e+10 3.2572e+10 3.7566e+10 2.7515e+10 5.377e+10 3.2744e+10 1.502e+10 1.929e+10 5.2144e+09 2.893e+10 3.2703e+10 3.2027e+10 1.5076e+10 3.3281e+10 1.7077e+10 1.6057e+10 1.9362e+10 1.6844e+10 2.0142e+10 1.0906e+10 3.5766e+10
1.9246e-08 2.1789e+10 5.8387e+10 4.4278e+10 3.8748e+10 1.7994e+10 3.2576e+10 2.2004e+10 3.5154e+10 3.0589e+10 2.4047e+10 1.8697e+10 3.7238e+10 2.8245e+10 3.9212e+10 2.7515e+10 4.9535e+10 1.8168e+10 3.3207e+10 2.3533e+10 7.5294e+09 2.893e+10 2.0196e+10 3.4883e+10 2.1619e+10 4.1889e+10 1.914e+10 1.8687e+10 2.2671e+10 2.1216e+10 2.3536e+10 1.6027e+10 3.511e+10
2.0846e-08 7.6389e+07 2.6924e+10 7.1171e+10 4.0109e+10 2.3549e+10 1.539e+10 2.0328e+10 2.1873e+10 3.2085e+10 2.8986e+10 2.2955e+10 3.7238e+10 1.2791e+10 4.4149e+10 2.1918e+10 3.7359e+10 3.0922e+10 1.7714e+10 1.2017e+10 4.6356e+09 2.6078e+10 9.8641e+09 2.1173e+10 1.0714e+10 2.214e+10 1.553e+10 2.0659e+10 1.8259e+10 3.2147e+10 2.0708e+10 1.6668e+10 1.8033e+10
2.2846e-08 1.6361e+10 1.5125e+10 4.3531e+10 4.9643e+10 9.9395e+09 2.7205e+10 1.7815e+10 2.1251e+10 3.1337e+10 3.4806e+10 1.9939e+10 2.4899e+10 1.6036e+10 3.0023e+10 2.459e+10 3.0212e+10 3.1833e+10 1.923e+10 1.0502e+10 1.5487e+10 2.7219e+10 1.9652e+10 2.1458e+10 8.3963e+09 2.1887e+10 2.7521e+10 2.4768e+10 1.8397e+10 3.119e+10 1.9435e+10 1.8588e+10 2.5915e+10
2.5246e-08 1.4881e+10 1.0405e+10 1.8879e+10 4.045e+10 1.7438e+10 2.8494e+10 1.6559e+10 1.0668e+10 2.1239e+10 3.6923e+10 2.4197e+10 1.8642e+10 2.3454e+10 2.4674e+10 2.6116e+10 3.3786e+10 2.0446e+10 3.3376e+10 2.5048e+10 2.7641e+10 2.1228e+10 1.8837e+10 1.4174e+10 1.2486e+10 2.7204e+10 2.636e+10 2.7234e+10 1.5088e+10 2.5862e+10 2.6224e+10 1.8108e+10 3.6259e+10
2.7646e-08 1.34e+10 1.0405e+10 1.4397e+10 1.6957e+10 2.827e+10 1.496e+10 2.8496e+10 2.3118e+10 2.2361e+10 2.1049e+10 2.739e+10 2.0206e+10 3.6899e+10 1.3565e+10 3.3748e+10 3.8947e+10 2.3179e+10 3.186e+10 1.3229e+10 2.2432e+10 2.1656e+10 1.9244e+10 1.5031e+10 7.1695e+09 2.1507e+10 1.0115e+10 2.3289e+10 8.8828e+09 2.7911e+10 3.471e+10 2.5311e+10 2.2467e+10
3.0446e-08 2.7316e+10 2.5036e+10 1.0811e+10 1.4505e+10 3.0436e+10 1.5218e+10 3.5909e+10 3.4822e+10 2.9093e+10 2.0097e+10 2.4516e+10 2.1666e+10 4.5059e+10 2.1876e+10 2.4055e+10 5.864e+10 4.8048e+10 3.6306e+10 1.4684e+10 1.4011e+10 2.8246e+10 1.639e+10 1.7859e+10 2.1074e+10 2.5381e+10 2.5432e+10 2.4078e+10 1.7156e+10 1.9796e+10 2.1726e+10 2.896e+10 1.5669e+10
3.3646e-08 5.998e+09 1.0877e+10 3.3222e+10 2.6763e+10 2.977e+10 3.6872e+10 2.636e+10 2.4861e+10 2.9542e+10 2.3483e+10 1.7704e+10 2.7923e+10 3.5787e+10 3.1093e+10 3.2909e+10 4.3711e+10 2.7642e+10 2.2564e+10 2.3775e+10 1.4706e+10 4.3308e+10 1.6716e+10 4.1853e+10 2.1728e+10 2.1735e+10 2.2957e+10 1.6583e+10 2.8407e+10 1.8484e+10 1.7992e+10 2.5119e+10 1.5275e+10
3.6846e-08 8.3667e+09 6.1579e+09 1.7983e+10 2.758e+10 3.3103e+10 2.6045e+10 2.1836e+10 2.2371e+10 2.2361e+10 3.1526e+10 2.707e+10 1.9163e+10 2.7627e+10 1.4964e+10 3.5351e+10 3.2277e+10 1.8897e+10 3.7519e+10 1.3229e+10 2.4776e+10 3.7488e+10 2.5851e+10 2.54e+10 2.4018e+10 2.5077e+10 2.2028e+10 2.3289e+10 3.0062e+10 2.2419e+10 2.5799e+10 2.0125e+10 1.8427e+10
4.0446e-08 8.9589e+09 3.7149e+10 3.0831e+10 2.3766e+10 4.3546e+10 3.7731e+10 2.4517e+10 2.8098e+10 2.6475e+10 2.3695e+10 2.9696e+10 3.5848e+10 5.3899e+10 1.6994e+10 2.9296e+10 3.3389e+10 2.3634e+10 3.7923e+10 2.7169e+10 4.1386e+10 2.4081e+10 2.2915e+10 4.1453e+10 2.5163e+10 3.7838e+10 2.3782e+10 2.4275e+10 2.7359e+10 3.2693e+10 2.9477e+10 1.6668e+10 2.3616e+10
4.4446e-08 5.0111e+09 4.6588e+10 5.2495e+10 2.649e+10 2.8548e+10 3.2146e+10 2.2422e+10 4.6774e+10 2.5727e+10 2.828e+10 3.2179e+10 4.8709e+10 4.4008e+10 3.0708e+10 2.3699e+10 6.2769e+10 4.3372e+10 2.9839e+10 6.0202e+10 2.9232e+10 2.7789e+10 3.4878e+10 5.2022e+10 3.6614e+10 4.5687e+10 3.8996e+10 5.4517e+10 3.5081e+10 4.253e+10 4.0509e+10 3.6515e+10 2.887e+10
4.8846e-08 9.2234e+08 2.5575e+10 4.7693e+10 3.1549e+10 4.4815e+10 2.7297e+10 4.1509e+10 5.2822e+10 3.5825e+10 3.7149e+10 5.225e+10 6.5046e+10 3.9284e+10 4.3365e+10 2.9987e+10 7.7516e+10 4.7319e+10 6.939e+10 8.7519e+10 3.7376e+10 4.8002e+10 7.1157e+10 6.9568e+10 5.5425e+10 4.6519e+10 7.9628e+10 7.6542e+10 5.3557e+10 5.0572e+10 3.9378e+10 5.3435e+10 5.1529e+10
5.4046e-08 2.0802e+10 1.8075e+10 2.112e+10 3.2278e+10 8.5345e+10 4.9439e+10 4.4516e+10 7.3854e+10 5.5179e+10 4.3007e+10 5.6127e+10 6.3222e+10 4.9649e+10 4.8126e+10 7.7061e+10 7.6864e+10 7.4193e+10 8.6171e+10 5.9823e+10 8.3635e+10 5.0967e+10 5.9621e+10 7.8658e+10 9.3866e+10 6.3663e+10 7.6838e+10 5.4353e+10 6.3278e+10 7.6892e+10 6.42e+10 7.6929e+10 6.1381e+10
5.9646e-08 8.9589e+09 1.2175e+10 5.6978e+10 3.33e+10 5.41e+10 6.5551e+10 6.0537e+10 6.296e+10 6.4435e+10 8.7718e+10 8.3801e+10 8.4599e+10 1.0876e+11 8.166e+10 9.0418e+10 8.7583e+10 9.0363e+10 7.6824e+10 7.1414e+10 7.9077e+10 7.3218e+10 9.3268e+10 9.6439e+10 1.0573e+11 8.9679e+10 7.5291e+10 6.3722e+10 8.0651e+10 1.0415e+11 9.4539e+10 9.4216e+10 7.271e+10
6.5646e-08 4.0242e+09 5.6813e+10 6.1211e+10 5.1913e+10 5.8358e+10 7.5541e+10 7.0868e+10 7.9699e+10 8.569e+10 9.6713e+10 1.0006e+11 1.0143e+11 1.2159e+11 1.2717e+11 1.3606e+11 1.0035e+11 8.6795e+10 1.2033e+11 1.195e+11 1.0669e+11 8.7695e+10 1.2043e+11 1.0782e+11 1.2994e+11 1.1852e+11 1.1885e+11 9.6265e+10 1.0319e+11 1.2688e+11 9.0861e+10 1.0929e+11 1.0626e+11
7.2046e-08 2.1131e+10 6.5204e+10 1.4895e+10 6.5532e+10 4.873e+10 5.4058e+10 9.9069e+10 9.0766e+10 9.691e+10 1.1294e+11 1.2419e+11 9.5172e+10 1.2056e+11 1.2936e+11 1.303e+11 1.0494e+11 1.1169e+11 1.4054e+11 1.2273e+11 1.1576e+11 1.0671e+11 1.1862e+11 1.3619e+11 1.3721e+11 1.2696e+11 1.4842e+11 1.0985e+11 1.4088e+11 1.5475e+11 1.2122e+11 1.4685e+11 1.3363e+11
7.9246e-08 4.2605e+10 2.6924e+10 2.3769e+10 1.1613e+11 7.8793e+10 7.4603e+10 1.06e+11 1.1401e+11 1.4231e+11 1.2019e+11 1.2565e+11 1.0335e+11 1.2187e+11 1.6778e+11 1.2072e+11 1.3192e+11 1.3991e+11 1.533e+11 1.2431e+11 1.3343e+11 1.4859e+11 1.6395e+11 1.44e+11 1.4629e+11 1.4998e+11 1.59e+11 1.6709e+11 1.4516e+11 1.5784e+11 1.5001e+11 1.7189e+11 1.3625e+11
8.7246e-08 2.2148e+10 4.7088e+10 4.9847e+10 9.1986e+10 8.3035e+10 8.7493e+10 1.0714e+11 1.0291e+11 1.111e+11 1.2192e+11 1.3087e+11 1.1036e+11 1.6924e+11 1.434e+11 1.4501e+11 1.7971e+11 1.4438e+11 1.6377e+11 1.6547e+11 1.6658e+11 1.6695e+11 1.7107e+11 2.0492e+11 1.7692e+11 1.5578e+11 1.5393e+11 1.8054e+11 1.5012e+11 1.6917e+11 1.6359e+11 1.677e+11 1.4682e+11
9.5646e-08 1.8335e+10 3.7936e+10 4.6146e+10 6.7007e+10 9.576e+10 1.0927e+11 1.4703e+11 1.055e+11 1.3605e+11 1.1805e+11 1.4252e+11 1.3544e+11 1.4941e+11 1.455e+11 1.35e+11 1.7897e+11 1.3872e+11 1.8427e+11 1.7975e+11 1.7247e+11 1.5987e+11 1.6879e+11 2.0427e+11 1.8315e+11 1.576e+11 1.5955e+11 1.98e+11 1.7627e+11 1.6864e+11 1.7813e+11 1.6296e+11 1.8502e+11
1.0525e-07 4.5335e+10 5.6589e+10 5.2175e+10 8.2037e+10 1.2814e+11 1.1366e+11 1.0631e+11 1.2361e+11 1.4802e+11 1.4328e+11 1.4987e+11 1.6098e+11 1.8354e+11 1.6892e+11 1.4807e+11 1.8823e+11 1.8878e+11 1.7794e+11 1.8519e+11 1.96e+11 1.6842e+11 1.9794e+11 1.9015e+11 1.8874e+11 2.0006e+11 1.7047e+11 1.9615e+11 1.9739e+11 1.979e+11 1.9637e+11 2.193e+11 1.9564e+11
1.1605e-07 9.9458e+09 5.0206e+10 8.8204e+10 7.8788e+10 9.065e+10 1.0751e+11 1.1783e+11 1.1517e+11 1.3441e+11 1.5597e+11 1.7622e+11 1.5264e+11 1.9441e+11 1.9962e+11 1.708e+11 1.7722e+11 1.9708e+11 1.841e+11 1.8779e+11 2.0546e+11 2.0682e+11 2.177e+11 2.1347e+11 2.1933e+11 2.0424e+11 1.8139e+11 2.4038e+11 1.9949e+11 2.0911e+11 2.0447e+11 2.2052e+11 2.1178e+11
1.2765e-07 3.0055e+10 5.2291e+10 4.4091e+10 7.1859e+10 1.1638e+11 1.2178e+11 1.543e+11 1.5027e+11 1.3905e+11 1.5518e+11 1.7028e+11 1.8927e+11 1.6729e+11 1.4852e+11 2.0948e+11 1.5021e+11 2.0161e+11 2.1096e+11 1.9994e+11 2.2633e+11 2.2106e+11 2.5314e+11 2.1641e+11 2.1941e+11 2.1919e+11 2.1918e+11 2.1522e+11 2.3039e+11 2.1994e+11 2.2958e+11 2.0298e+11 2.142e+11
1.4045e-07 4.745e+10 6.5204e+10 7.3163e+10 7.4158e+10 9.3909e+10 9.5877e+10 1.2601e+11 1.4666e+11 1.6086e+11 1.615e+11 1.8746e+11 1.8219e+11 1.8773e+11 1.9355e+11 2.2239e+11 1.8532e+11 1.8751e+11 1.8904e+11 2.2455e+11 2.0016e+11 2.0969e+11 2.1451e+11 2.553e+11 2.1173e+11 2.2385e+11 2.1606e+11 2.3389e+11 2.1819e+11 2.3335e+11 2.2702e+11 2.4224e+11 2.0894e+11
1.5445e-07 1.0673e+10 7.0144e+10 6.5588e+10 7.1792e+10 1.1067e+11 1.096e+11 1.3394e+11 1.4717e+11 1.5593e+11 1.4506e+11 1.8298e+11 1.7339e+11 1.9814e+11 1.8652e+11 2.214e+11 2.179e+11 1.9384e+11 2.1033e+11 2.3927e+11 2.3364e+11 2.3261e+11 2.2254e+11 2.5567e+11 2.3286e+11 2.3189e+11 2.2782e+11 2.308e+11 2.2755e+11 2.242e+11 2.3215e+11 2.1126e+11 2.2938e+11
1.7005e-07 4.6642e+10 7.5834e+10 7.185e+10 8.1029e+10 8.8337e+10 1.2276e+11 1.1068e+11 1.4921e+11 1.3986e+11 1.6309e+11 1.7258e+11 1.6572e+11 2.1046e+11 1.6965e+11 2.0128e+11 2.0765e+11 1.915e+11 1.8701e+11 2.3547e+11 2.2332e+11 2.2654e+11 2.2313e+11 2.5259e+11 2.2666e+11 2.3871e+11 2.1568e+11 2.4365e+11 2.2398e+11 2.3527e+11 2.3256e+11 2.3598e+11 2.268e+11
1.8725e-07 3.4576e+10 4.6212e+10 7.1691e+10 8.5349e+10 1.0634e+11 1.2654e+11 1.4183e+11 1.5309e+11 1.4022e+11 1.3757e+11 1.7971e+11 1.6751e+11 1.9372e+11 1.5194e+11 1.9268e+11 2.1399e+11 2.0828e+11 1.9862e+11 2.3972e+11 2.3239e+11 2.2011e+11 2.2669e+11 2.1166e+11 2.2789e+11 2.4477e+11 2.2111e+11 2.2584e+11 2.2585e+11 2.4239e+11 2.5257e+11 2.1742e+11 2.268e+11
2.0605e-07 3.8339e+10 4.7798e+10 6.577e+10 9.3644e+10 7.525e+10 1.037e+11 9.3496e+10 1.2042e+11 1.3154e+11 1.519e+11 1.4836e+11 1.5176e+11 1.7049e+11 1.2216e+11 1.6587e+11 1.6704e+11 1.9286e+11 2.02e+11 2.0758e+11 2.015e+11 2.0944e+11 2.0864e+11 2.2257e+11 1.983e+11 2.0617e+11 2.1411e+11 1.9845e+11 2.0406e+11 2.2973e+11 2.078e+11 1.885e+11 2.0681e+11
2.2685e-07 3.8356e+10 4.2767e+10 5.6818e+10 8.0286e+10 7.6953e+10 7.2963e+10 1.0685e+11 1.0663e+11 1.1452e+11 1.1788e+11 1.355e+11 1.189e+11 1.7016e+11 1.1372e+11 1.5259e+11 1.677e+11 1.744e+11 1.5593e+11 1.8382e+11 1.6301e+11 1.6928e+11 1.7201e+11 1.7405e+11 1.8331e+11 1.7087e+11 1.6561e+11 1.7354e+11 1.9071e+11 1.9526e+11 1.8637e+11 1.7458e+11 1.6651e+11
2.4965e-07 2.4909e+10 2.8446e+10 4.8519e+10 5.5047e+10 6.5012e+10 7.4543e+10 7.91e+10 7.3925e+10 9.6049e+10 9.5552e+10 1.1211e+11 9.9425e+10 1.3591e+11 9.977e+10 1.1331e+11 1.3608e+11 1.2978e+11 1.1895e+11 1.2661e+11 1.4398e+11 1.3472e+11 1.3316e+11 1.3709e+11 1.3035e+11 1.4379e+11 1.3337e+11 1.4608e+11 1.4413e+11 1.4473e+11 1.428e+11 1.5062e+11 1.4916e+11
2.7485e-07 3.8741e+10 1.6652e+10 3.9576e+10 3.8227e+10 4.0376e+10 3.0276e+10 6.2458e+10 5.6149e+10 6.163e+10 7.9034e+10 7.7008e+10 7.8419e+10 1.0028e+11 8.0195e+10 9.3213e+10 1.1658e+11 1.0878e+11 9.5279e+10 9.8261e+10 1.0585e+11 1.0308e+11 1.1168e+11 1.0987e+11 1.0652e+11 1.024e+11 1.1856e+11 1.1204e+11 1.0913e+11 1.0736e+11 1.3053e+11 1.1869e+11 1.2507e+11
3.0245e-07 1.176e+10 1.9143e+10 3.4991e+10 3.8379e+10 3.0454e+10 3.0393e+10 4.1791e+10 4.8322e+10 5.2321e+10 5.0379e+10 5.8242e+10 6.1439e+10 7.1934e+10 6.7442e+10 6.3751e+10 9.2171e+10 8.9421e+10 7.5609e+10 8.2521e+10 7.493e+10 7.5189e+10 7.8073e+10 7.9845e+10 7.417e+10 8.7888e+10 8.39e+10 9.0881e+10 8.2177e+10 8.5793e+10 8.502e+10 8.6539e+10 8.6729e+10
3.3285e-07 7.8756e+09 1.7139e+10 1.6583e+10 2.2338e+10 2.7965e+10 3.3665e+10 3.3935e+10 3.5174e+10 3.5606e+10 4.8705e+10 4.7236e+10 4.7649e+10 5.6123e+10 5.6687e+10 6.0601e+10 7.1484e+10 6.0028e+10 7.0059e+10 6.015e+10 6.0069e+10 6.4957e+10 6.5768e+10 6.7377e+10 7.5094e+10 6.3589e+10 6.3795e+10 6.9951e+10 7.0345e+10 7.0109e+10 7.3364e+10 7.2274e+10 8.5169e+10
3.6605e-07 6.5364e+09 1.1585e+10 1.9592e+10 2.2621e+10 2.5998e+10 2.8084e+10 2.9809e+10 3.0079e+10 3.8732e+10 5.0102e+10 4.7854e+10 5.4002e+10 4.6172e+10 5.4298e+10 6.1884e+10 6.1542e+10 7.0715e+10 6.3826e+10 7.1993e+10 6.4102e+10 7.95e+10 6.5627e+10 6.6291e+10 5.6466e+10 6.936e+10 6.1383e+10 7.2776e+10 6.9764e+10 5.8317e+10 7.7528e+10 6.63e+10 7.7322e+10
4.0285e-07 8.722e+09 1.201e+10 2.3003e+10 1.7038e+10 2.657e+10 1.8621e+10 2.4952e+10 3.1286e+10 3.3356e+10 3.8849e+10 3.5926e+10 5.0781e+10 5.1698e+10 5.308e+10 6.2614e+10 6.2134e+10 6.3097e+10 6.7387e+10 7.4287e+10 5.3285e+10 5.368e+10 7.1856e+10 7.4656e+10 5.7126e+10 6.3998e+10 6.0399e+10 5.4412e+10 6.8845e+10 6.8293e+10 6.4327e+10 6.9871e+10 8.4552e+10
4.4365e-07 8.0816e+09 1.4164e+10 2.2946e+10 1.8621e+10 1.5278e+10 1.9018e+10 1.9677e+10 2.0905e+10 2.3525e+10 3.8588e+10 3.9709e+10 3.9247e+10 4.7854e+10 5.5334e+10 5.1091e+10 6.0446e+10 5.9499e+10 5.8505e+10 6.9024e+10 5.4376e+10 6.0912e+10 6.5784e+10 4.9514e+10 5.5728e+10 6.4564e+10 5.3522e+10 5.134e+10 5.8184e+10 6.4877e+10 6.2134e+10 6.5325e+10 7.9077e+10
4.8805e-07 4.0911e+09 1.4445e+10 8.6231e+09 1.6611e+10 1.4925e+10 2.0531e+10 2.4673e+10 2.7951e+10 2.5442e+10 3.1497e+10 3.2937e+10 4.108e+10 4.0545e+10 5.2387e+10 4.9006e+10 5.9566e+10 5.2322e+10 6.0426e+10 5.6683e+10 5.4016e+10 5.7795e+10 6.4059e+10 4.8691e+10 5.3041e+10 4.4121e+10 4.7182e+10 5.5515e+10 6.3961e+10 6.3696e+10 6.0435e+10 6.0616e+10 7.0731e+10
5.3685e-07 1.4926e+10 8.2635e+09 9.7077e+09 1.5448e+10 1.1465e+10 1.5654e+10 1.5612e+10 2.0915e+10 2.6366e+10 2.7814e+10 3.1655e+10 3.5399e+10 5.1136e+10 4.3373e+10 5.6087e+10 6.2745e+10 5.5924e+10 4.9861e+10 6.0672e+10 5.4773e+10 4.2913e+10 5.4036e+10 4.681e+10 5.2984e+10 4.3587e+10 5.0092e+10 5.0355e+10 5.0273e+10 5.6319e+10 5.8857e+10 5.9632e+10 7.4445e+10
5.9085e-07 5.5046e+09 9.5533e+09 1.0537e+10 1.2417e+10 1.4059e+10 1.3671e+10 1.8967e+10 2.1596e+10 2.3857e+10 2.9192e+10 2.7597e+10 3.5819e+10 4.2051e+10 4.9452e+10 4.2123e+10 5.2292e+10 5.5645e+10 5.684e+10 4.8913e+10 5.6458e+10 4.626e+10 5.1283e+10 5.0784e+10 4.1544e+10 5.3578e+10 5.075e+10 5.46e+10 5.05e+10 5.7058e+10 5.4794e+10 6.3485e+10 6.8058e+10
6.5045e-07 1.5293e+10 5.9548e+09 1.2298e+10 1.5043e+10 1.2945e+10 1.7032e+10 2.3128e+10 1.828e+10 2.452e+10 3.6059e+10 2.7787e+10 3.994e+10 4.582e+10 4.6955e+10 5.3336e+10 5.0788e+10 5.9035e+10 5.831e+10 5.7305e+10 5.4811e+10 4.3251e+10 5.8516e+10 5.861e+10 4.5486e+10 4.6645e+10 5.7814e+10 5.8766e+10 5.917e+10 6.0074e+10 5.4589e+10 6.8113e+10 7.0534e+10
7.1605e-07 1.9067e+10 1.1789e+10 9.4509e+09 1.4609e+10 1.2248e+10 1.6871e+10 1.9722e+10 2.0184e+10 2.8164e+10 3.3097e+10 2.8167e+10 3.8245e+10 4.0864e+10 4.2598e+10 5.915e+10 4.9626e+10 5.8209e+10 6.2289e+10 7.0119e+10 6.277e+10 5.0866e+10 5.9293e+10 4.9638e+10 4.719e+10 4.8524e+10 5.5668e+10 4.8408e+10 5.717e+10 6.1357e+10 6.2496e+10 6.5038e+10 7.1934e+10
7.8805e-07 1.0424e+10 1.2815e+10 1.3029e+10 1.6957e+10 1.9701e+10 1.7497e+10 2.0355e+10 2.6355e+10 2.9825e+10 3.0456e+10 3.33e+10 3.7165e+10 4.8436e+10 5.1067e+10 4.9153e+10 6.414e+10 6.738e+10 6.2598e+10 6.2017e+10 4.7932e+10 5.0857e+10 6.1364e+10 5.32e+10 4.9588e+10 5.7731e+10 5.0822e+10 5.5386e+10 5.8033e+10 6.2648e+10 6.5015e+10 6.6019e+10 7.2352e+10
8.6725e-07 1.5867e+10 1.2181e+10 1.2134e+10 1.8825e+10 1.828e+10 1.868e+10 1.9802e+10 2.3936e+10 2.9328e+10 3.4045e+10 2.9402e+10 3.9423e+10 4.5748e+10 5.0278e+10 5.755e+10 6.5582e+10 6.5435e+10 6.25e+10 7.0046e+10 6.1436e+10 5.9315e+10 6.4833e+10 5.3393e+10 5.5737e+10 5.7587e+10 5.6391e+10 5.3982e+10 5.6882e+10 6.0347e+10 6.6227e+10 6.8142e+10 7.8325e+10
9.5445e-07 1.367e+10 9.9335e+09 1.619e+10 1.3546e+10 1.6033e+10 2.0351e+10 2.3409e+10 2.092e+10 2.7337e+10 3.5814e+10 3.0828e+10 4.0328e+10 5.109e+10 5.306e+10 5.8766e+10 6.3791e+10 6.3051e+10 7.0467e+10 7.0308e+10 6.6657e+10 5.6509e+10 6.3047e+10 5.3522e+10 5.2609e+10 5.7719e+10 6.0237e+10 5.7419e+10 6.4031e+10 6.3008e+10 6.5958e+10 6.9261e+10 8.1701e+10
1.0504e-06 1.4811e+10 8.1572e+09 1.8526e+10 1.5799e+10 1.3148e+10 1.8543e+10 2.2149e+10 2.1618e+10 2.775e+10 3.4252e+10 3.1693e+10 4.1399e+10 4.9545e+10 5.3475e+10 5.7027e+10 6.2506e+10 7.1191e+10 6.518e+10 7.1142e+10 5.9991e+10 5.575e+10 5.7533e+10 5.4946e+10 6.0126e+10 6.4585e+10 6.1154e+10 6.4972e+10 6.1908e+10 6.9283e+10 6.6467e+10 7.3003e+10 8.2108e+10
1.1564e-06 7.1824e+09 9.6638e+09 1.4301e+10 1.3425e+10 1.6415e+10 1.9563e+10 2.0849e+10 2.5697e+10 3.0599e+10 3.1148e+10 3.2347e+10 4.0794e+10 4.9099e+10 4.8703e+10 5.344e+10 5.7279e+10 5.9643e+10 6.1812e+10 6.6011e+10 5.9079e+10 6.1218e+10 6.2732e+10 6.0681e+10 6.0975e+10 5.8477e+10 6.693e+10 7.2442e+10 7.3424e+10 8.1524e+10 8.0512e+10 8.7445e+10 8.9218e+10
1.2728e-06 1.4319e+10 1.2056e+10 1.8322e+10 1.2257e+10 2.0956e+10 1.977e+10 2.1642e+10 2.573e+10 2.6556e+10 3.5806e+10 3.1303e+10 4.2895e+10 4.2984e+10 4.8484e+10 4.7848e+10 5.815e+10 5.8156e+10 6.9028e+10 6.3428e+10 5.872e+10 6.1506e+10 7.1557e+10 6.9104e+10 6.4876e+10 6.7456e+10 7.2817e+10 8.2046e+10 7.7651e+10 8.0615e+10 7.6984e+10 8.8826e+10 9.0073e+10
1.4008e-06 9.2918e+09 6.2585e+09 1.323e+10 1.7126e+10 1.8198e+10 1.8247e+10 2.0016e+10 2.0945e+10 2.7141e+10 3.104e+10 3.5089e+10 3.512e+10 4.4712e+10 3.9199e+10 4.7597e+10 5.4659e+10 4.8225e+10 5.4436e+10 5.8708e+10 5.6004e+10 6.1987e+10 6.2213e+10 7.2006e+10 6.4291e+10 6.6171e+10 6.8208e+10 7.9541e+10 7.5673e+10 8.0534e+10 8.3687e+10 8.9154e+10 9.5902e+10
1.542e-06 7.4944e+09 1.1826e+10 1.2903e+10 1.4826e+10 1.8836e+10 2.1613e+10 2.3017e+10 2.4444e+10 2.6185e+10 3.1569e+10 3.5235e+10 4.206e+10 4.9562e+10 4.1955e+10 5.0921e+10 5.2019e+10 5.4392e+10 5.5274e+10 6.3672e+10 6.266e+10 6.353e+10 6.5883e+10 7.4652e+10 6.4607e+10 7.2917e+10 7.2186e+10 8.231e+10 8.6693e+10 8.6965e+10 8.7485e+10 9.4559e+10 9.4707e+10
1.6972e-06 8.7847e+09 6.9815e+09 1.4858e+10 1.5815e+10 1.9023e+10 2.2403e+10 2.6056e+10 2.573e+10 3.1051e+10 3.7026e+10 3.6019e+10 4.0336e+10 4.9335e+10 4.6989e+10 5.0696e+10 5.6058e+10 5.859e+10 6.2639e+10 6.3758e+10 6.7881e+10 6.9052e+10 7.4983e+10 8.0762e+10 7.4517e+10 7.1453e+10 7.8131e+10 8.4799e+10 8.8441e+10 9.5236e+10 9.1186e+10 1.0428e+11 1.0818e+11
1.868e-06 7.7087e+09 1.1234e+10 1.1389e+10 1.3234e+10 2.1756e+10 1.901e+10 2.5678e+10 2.7761e+10 3.2514e+10 3.5062e+10 3.9114e+10 4.3542e+10 4.8315e+10 4.6819e+10 5.4015e+10 5.9127e+10 5.7028e+10 6.6107e+10 7.0913e+10 6.589e+10 6.9963e+10 7.5866e+10 7.9314e+10 7.7097e+10 7.4365e+10 8.1819e+10 9.041e+10 8.8722e+10 1.0126e+11 1.0008e+11 1.0802e+11 1.0425e+11
2.056e-06 5.135e+09 1.0434e+10 1.3108e+10 1.5485e+10 2.1412e+10 2.0977e+10 2.4225e+10 2.7216e+10 2.7294e+10 3.4393e+10 3.941e+10 4.2747e+10 5.3454e+10 4.7359e+10 5.8009e+10 6.185e+10 5.2357e+10 7.1557e+10 6.8911e+10 7.2054e+10 6.777e+10 7.4293e+10 7.9455e+10 7.7299e+10 8.0878e+10 8.2166e+10 8.9997e+10 9.0922e+10 9.9644e+10 1.0036e+11 1.1018e+11 1.0943e+11
2.2632e-06 8.4925e+09 1.2005e+10 1.1983e+10 1.3949e+10 1.9813e+10 1.9554e+10 2.3191e+10 2.7483e+10 3.0178e+10 3.2172e+10 4.1404e+10 4.2441e+10 4.4317e+10 4.3191e+10 5.3571e+10 5.7405e+10 5.4947e+10 6.3631e+10 6.6825e+10 6.3045e+10 6.9657e+10 7.2179e+10 7.2889e+10 7.672e+10 7.2367e+10 7.9039e+10 8.8925e+10 8.6527e+10 9.759e+10 1.0016e+11 1.0428e+11 1.065e+11
2.4912e-06 8.4539e+09 1.1913e+10 1.3677e+10 1.5221e+10 1.9161e+10 2.162e+10 2.2135e+10 2.7245e+10 2.8748e+10 3.3573e+10 3.9762e+10 4.1407e+10 4.6116e+10 4.07e+10 4.6811e+10 5.35e+10 5.4497e+10 6.4829e+10 6.363e+10 6.2803e+10 6.7764e+10 7.3176e+10 7.2882e+10 7.3741e+10 7.5629e+10 8.1475e+10 8.5975e+10 8.4363e+10 9.5525e+10 9.998e+10 1.0479e+11 1.0536e+11
2.742e-06 7.1285e+09 9.3614e+09 9.3034e+09 1.1583e+10 1.8559e+10 1.4249e+10 2.3199e+10 2.3631e+10 2.6815e+10 3.075e+10 3.4798e+10 3.612e+10 3.8546e+10 3.9162e+10 4.6281e+10 4.8221e+10 4.9765e+10 5.7115e+10 5.9761e+10 6.0806e+10 6.2939e+10 6.625e+10 7.6675e+10 6.3649e+10 7.0246e+10 7.4385e+10 7.8765e+10 8.4643e+10 9.2998e+10 9.5238e+10 9.796e+10 1.0067e+11
3.018e-06 8.19e+09 8.5151e+09 1.2961e+10 1.3153e+10 1.7052e+10 1.7809e+10 2.2203e+10 2.415e+10 2.7438e+10 2.8448e+10 3.5472e+10 3.5186e+10 3.8882e+10 3.5772e+10 4.2846e+10 5.0468e+10 4.9926e+10 5.5089e+10 5.4191e+10 5.5769e+10 5.9181e+10 6.3997e+10 6.7296e+10 6.9139e+10 7.0806e+10 7.2503e+10 7.5147e+10 8.3975e+10 8.8467e+10 8.5668e+10 9.6727e+10 1.0003e+11
3.3216e-06 5.0334e+09 1.0068e+10 1.1083e+10 1.5155e+10 1.8119e+10 2.092e+10 2.2986e+10 2.2884e+10 2.8277e+10 2.9166e+10 3.5503e+10 3.6925e+10 4.5651e+10 4.0594e+10 4.3453e+10 5.4128e+10 5.2493e+10 5.6921e+10 5.7196e+10 5.5844e+10 5.9314e+10 6.7743e+10 6.9633e+10 6.4908e+10 6.7098e+10 7.0299e+10 8.2291e+10 8.4339e+10 9.0726e+10 8.936e+10 9.6687e+10 1.0349e+11
3.656e-06 4.8785e+09 1.0916e+10 1.2692e+10 1.5244e+10 1.8376e+10 1.8463e+10 2.1908e+10 2.4556e+10 2.642e+10 2.7559e+10 3.5268e+10 3.6285e+10 4.0807e+10 3.9728e+10 4.3772e+10 4.9699e+10 5.2196e+10 5.4241e+10 5.4636e+10 5.9958e+10 6.1372e+10 6.6122e+10 6.7609e+10 6.4159e+10 6.6591e+10 7.1962e+10 7.9889e+10 8.1704e+10 8.6661e+10 9.202e+10 9.6116e+10 9.9418e+10
4.0244e-06 7.3439e+09 1.1439e+10 1.3313e+10 1.3124e+10 1.465e+10 1.8582e+10 1.9394e+10 2.247e+10 2.3492e+10 2.8654e+10 3.2505e+10 3.4685e+10 3.9968e+10 3.7918e+10 4.4639e+10 4.9473e+10 4.788e+10 5.2211e+10 5.2612e+10 5.4567e+10 5.9923e+10 6.0318e+10 6.5317e+10 6.404e+10 6.5967e+10 7.1498e+10 7.2365e+10 8.137e+10 8.6765e+10 9.005e+10 9.5837e+10 1.0491e+11
4.4296e-06 7.0686e+09 9.3167e+09 1.1839e+10 1.2756e+10 1.7906e+10 1.6516e+10 2.0977e+10 2.0696e+10 2.5957e+10 2.7559e+10 3.228e+10 3.531e+10 4.0835e+10 3.6134e+10 4.3036e+10 4.8132e+10 4.7755e+10 5.4455e+10 5.5615e+10 5.3515e+10 5.8798e+10 6.2541e+10 6.4703e+10 6.43e+10 6.8547e+10 7.0862e+10 7.4469e+10 8.3286e+10 8.8879e+10 8.9858e+10 9.7113e+10 1.0349e+11
4.8756e-06 5.6444e+09 9.2779e+09 1.0924e+10 1.3624e+10 1.5653e+10 1.7626e+10 1.8403e+10 2.0564e+10 2.2763e+10 2.5367e+10 3.0788e+10 3.4104e+10 3.8542e+10 3.5363e+10 3.9684e+10 4.566e+10 4.3483e+10 4.9106e+10 4.8313e+10 5.1725e+10 5.5334e+10 5.7992e+10 5.9955e+10 6.4078e+10 6.5699e+10 6.9566e+10 6.9841e+10 7.791e+10 8.4639e+10 8.7599e+10 9.4521e+10 9.7976e+10
5.3668e-06 5.9153e+09 8.6833e+09 1.1091e+10 1.1139e+10 1.4587e+10 1.5713e+10 1.7601e+10 1.9054e+10 2.0716e+10 2.4914e+10 2.9423e+10 3.0955e+10 3.427e+10 3.635e+10 3.7562e+10 4.1179e+10 4.1805e+10 4.8742e+10 4.687e+10 4.8152e+10 5.3198e+10 5.6893e+10 5.9974e+10 5.939e+10 6.0748e+10 6.6403e+10 7.1366e+10 7.4406e+10 8.2708e+10 8.7868e+10 9.006e+10 9.688e+10
5.9072e-06 4.4947e+09 6.5547e+09 9.4405e+09 1.1119e+10 1.1903e+10 1.418e+10 1.6844e+10 1.7434e+10 2.056e+10 2.1463e+10 2.6009e+10 2.5608e+10 3.1707e+10 3.1256e+10 3.6518e+10 3.9993e+10 4.0517e+10 4.5123e+10 4.4476e+10 4.8238e+10 5.108e+10 5.1009e+10 5.6793e+10 5.7621e+10 6.028e+10 6.2852e+10 6.685e+10 7.0576e+10 7.7278e+10 8.2937e+10 9.2406e+10 9.5782e+10
6.502e-06 5.0718e+09 5.3835e+09 7.4724e+09 9.309e+09 1.0679e+10 1.3301e+10 1.3369e+10 1.4214e+10 1.894e+10 1.9657e+10 2.2808e+10 2.4923e+10 2.98e+10 2.8149e+10 3.0989e+10 3.5751e+10 3.4965e+10 3.9837e+10 4.2256e+10 4.1282e+10 4.7207e+10 4.9349e+10 5.2762e+10 5.4938e+10 5.6077e+10 6.1611e+10 6.5767e+10 7.0291e+10 7.5985e+10 7.853e+10 8.8167e+10 8.9122e+10
7.1564e-06 4.8317e+09 6.0765e+09 6.0593e+09 8.9662e+09 9.1918e+09 1.0655e+10 1.2795e+10 1.2354e+10 1.4384e+10 1.7202e+10 1.9625e+10 2.1361e+10 2.505e+10 2.4425e+10 2.7108e+10 3.1171e+10 3.453e+10 3.5742e+10 3.8689e+10 3.8857e+10 4.0682e+10 4.3305e+10 4.827e+10 4.8773e+10 5.2898e+10 5.5808e+10 5.9554e+10 6.2478e+10 6.7236e+10 7.1238e+10 7.8701e+10 8.3959e+10
7.8768e-06 3.4665e+09 4.1503e+09 5.385e+09 6.3943e+09 7.6497e+09 9.5301e+09 9.162e+09 1.0166e+10 1.183e+10 1.3364e+10 1.5553e+10 1.7402e+10 2.0058e+10 2.0434e+10 2.3164e+10 2.6603e+10 2.6e+10 2.93e+10 3.0798e+10 3.0872e+10 3.4632e+10 3.6672e+10 3.896e+10 4.2136e+10 4.3141e+10 4.477e+10 4.9269e+10 5.4681e+10 5.9843e+10 6.548e+10 7.252e+10 7.5725e+10
8.67e-06 2.354e+09 3.9298e+09 3.9111e+09 5.1709e+09 5.9177e+09 7.0479e+09 7.8695e+09 7.6604e+09 9.5426e+09 1.149e+10 1.4312e+10 1.341e+10 1.6382e+10 1.7103e+10 1.9341e+10 2.1006e+10 2.2e+10 2.3652e+10 2.4686e+10 2.4609e+10 2.9116e+10 2.977e+10 3.3027e+10 3.4423e+10 3.8453e+10 4.0096e+10 4.3005e+10 4.7471e+10 5.1e+10 5.4141e+10 6.0099e+10 6.4874e+10
9.5428e-06 2.5817e+09 2.9096e+09 3.8887e+09 5.1352e+09 5.4967e+09 5.7278e+09 6.5067e+09 7.4679e+09 8.4149e+09 1.03e+10 1.1689e+10 1.2865e+10 1.5052e+10 1.5337e+10 1.6266e+10 1.854e+10 1.9262e+10 2.2576e+10 2.2309e+10 2.2006e+10 2.7687e+10 2.7501e+10 2.9872e+10 3.075e+10 3.2552e+10 3.4973e+10 4.0045e+10 4.1434e+10 4.7848e+10 4.9856e+10 5.4009e+10 5.9462e+10
1.0504e-05 1.8012e+09 2.4086e+09 2.8712e+09 3.811e+09 3.6627e+09 5.2991e+09 5.7229e+09 6.6301e+09 6.4095e+09 8.2932e+09 9.8684e+09 1.0664e+10 1.2112e+10 1.3464e+10 1.4469e+10 1.5623e+10 1.7052e+10 1.8792e+10 2.0098e+10 2.1021e+10 2.2434e+10 2.2719e+10 2.5566e+10 2.8292e+10 2.9346e+10 3.2824e+10 3.292e+10 3.8348e+10 4.1967e+10 4.5787e+10 5.0062e+10 5.4524e+10
1.1562e-05 3.3255e+08 1.118e+09 1.9359e+09 2.6787e+09 2.6953e+09 3.9877e+09 4.4856e+09 4.2054e+09 5.1894e+09 6.3853e+09 7.462e+09 8.1579e+09 1.0487e+10 1.0731e+10 1.1154e+10 1.2888e+10 1.3189e+10 1.5249e+10 1.5538e+10 1.6633e+10 1.8395e+10 1.9301e+10 2.2701e+10 2.2014e+10 2.297e+10 2.6193e+10 2.9906e+10 3.1588e+10 3.4335e+10 3.926e+10 4.1855e+10 4.6195e+10
1.2726e-05 1.1054e+09 1.4509e+09 1.0502e+09 2.2158e+09 2.6198e+09 2.8659e+09 3.0091e+09 3.2896e+09 3.7577e+09 4.5917e+09 5.7275e+09 5.6336e+09 7.2821e+09 7.2312e+09 7.802e+09 9.3101e+09 9.1973e+09 1.1689e+10 1.2264e+10 1.1779e+10 1.438e+10 1.4933e+10 1.7159e+10 1.6763e+10 1.9393e+10 2.0359e+10 2.2885e+10 2.5147e+10 2.8722e+10 3.0778e+10 3.2922e+10 3.5759e+10
1.4007e-05 8.6947e+08 5.7607e+08 4.9667e+08 1.3773e+09 1.9784e+09 1.8772e+09 2.2645e+09 2.1879e+09 2.6358e+09 3.2632e+09 4.3021e+09 4.4238e+09 5.5539e+09 5.8991e+09 6.1115e+09 7.1374e+09 7.8755e+09 9.0245e+09 9.2244e+09 9.2088e+09 1.0362e+10 1.1261e+10 1.2253e+10 1.3213e+10 1.4966e+10 1.5331e+10 1.7009e+10 1.9337e+10 2.1223e+10 2.2696e+10 2.6012e+10 2.8169e+10
1.5417e-05 4.8975e+08 6.1156e+08 -1.7521e+07 1.3875e+09 9.9965e+08 1.7944e+09 1.6534e+09 1.8674e+09 2.1195e+09 2.2334e+09 3.4221e+09 3.1478e+09 4.3904e+09 4.2556e+09 4.8268e+09 5.777e+09 5.2294e+09 6.2288e+09 7.1228e+09 7.0051e+09 8.1921e+09 8.5275e+09 9.2064e+09 1.027e+10 1.0884e+10 1.1519e+10 1.2463e+10 1.4443e+10 1.608e+10 1.7046e+10 1.962e+10 2.2363e+10
1.697e-05 5.3324e+08 8.4111e+07 1.9695e+08 1.0614e+09 8.6839e+08 1.1059e+09 1.1355e+09 1.1618e+09 1.3397e+09 1.6018e+09 2.3397e+09 2.5175e+09 2.6553e+09 2.6457e+09 3.1412e+09 4.1294e+09 4.5114e+09 4.8403e+09 4.9542e+09 4.8063e+09 6.3037e+09 6.7977e+09 6.5908e+09 7.3829e+09 8.427e+09 9.3184e+09 9.9226e+09 1.1328e+10 1.1812e+10 1.3027e+10 1.5032e+10 1.7125e+10
1.8678e-05 3.4073e+07 1.5819e+08 2.1354e+08 1.0042e+09 9.1786e+08 1.0027e+09 1.3095e+09 9.7244e+08 1.3147e+09 1.5172e+09 2.4154e+09 2.1423e+09 2.536e+09 2.4689e+09 3.147e+09 3.1417e+09 3.6425e+09 4.3914e+09 4.5005e+09 4.4759e+09 5.4313e+09 4.943e+09 6.2186e+09 6.3348e+09 7.5372e+09 7.6731e+09 8.5647e+09 9.6676e+09 1.0178e+10 1.1226e+10 1.2316e+10 1.5088e+10
2.0559e-05 1.7488e+08 -2.9038e+08 1.938e+08 6.4849e+08 7.6002e+08 1.0912e+09 1.0968e+09 1.0097e+09 1.4929e+09 1.6066e+09 1.968e+09 1.8321e+09 2.2883e+09 2.2387e+09 2.7533e+09 3.2475e+09 3.5019e+09 3.8699e+09 4.5572e+09 4.1919e+09 5.1291e+09 5.5001e+09 6.2406e+09 6.2587e+09 6.7919e+09 7.3308e+09 8.5544e+09 8.8667e+09 1.0324e+10 1.158e+10 1.2395e+10 1.4584e+10
2.263e-05 1.637e+08 4.1945e+08 7.0406e+08 8.938e+08 6.1882e+08 1.2909e+09 1.3264e+09 1.1748e+09 1.3749e+09 1.4445e+09 2.1059e+09 2.1018e+09 2.4205e+09 2.3604e+09 3.1414e+09 3.1579e+09 3.5969e+09 3.9146e+09 4.6275e+09 4.1659e+09 5.0898e+09 4.7673e+09 6.0101e+09 6.184e+09 6.5586e+09 7.66e+09 8.3281e+09 9.0731e+09 1.0047e+10 1.0716e+10 1.1933e+10 1.4239e+10
2.4908e-05 1.6368e+08 1.2463e+08 1.4088e+08 5.2745e+08 6.1623e+08 9.7161e+08 8.6652e+08 1.0513e+09 1.1553e+09 1.3541e+09 1.8404e+09 1.7302e+09 2.2367e+09 2.3449e+09 2.3512e+09 2.6975e+09 3.1363e+09 3.2101e+09 3.4821e+09 3.8731e+09 4.2462e+09 4.6945e+09 4.9948e+09 5.6704e+09 5.943e+09 6.62e+09 7.1819e+09 8.1523e+09 8.8703e+09 9.7536e+09 1.0897e+10 1.3043e+10
2.7416e-05 -3.2175e+08 1.9638e+07 2.6569e+08 4.1356e+08 8.0819e+08 7.079e+08 9.8563e+08 9.1287e+08 9.7368e+08 8.9229e+08 1.4377e+09 1.6232e+09 1.9369e+09 2.1022e+09 1.972e+09 2.3333e+09 2.3801e+09 2.8163e+09 3.133e+09 2.7927e+09 3.5923e+09 3.5912e+09 4.1554e+09 4.773e+09 4.6996e+09 5.2536e+09 6.0305e+09 6.7994e+09 7.6197e+09 8.1994e+09 9.1064e+09 1.0989e+10
3.0177e-05 1.5497e+08 2.6782e+08 2.4388e+08 3.5049e+08 3.9597e+08 7.0251e+08 7.3135e+08 6.8206e+08 7.3687e+08 7.6026e+08 1.1767e+09 9.828e+08 1.3819e+09 1.4501e+09 1.4015e+09 2.2091e+09 1.8747e+09 1.9915e+09 2.5877e+09 2.6051e+09 2.8599e+09 2.9814e+09 3.2175e+09 3.502e+09 3.7502e+09 4.0952e+09 4.5269e+09 4.9671e+09 5.7779e+09 6.6293e+09 7.5474e+09 8.4683e+09
3.3215e-05 3.7091e+08 9.2242e+07 2.0263e+08 4.4331e+08 3.6442e+08 3.5747e+08 4.9812e+08 3.7724e+08 5.4453e+08 5.6853e+08 7.24e+08 6.4544e+08 1.4333e+09 1.0951e+09 1.2479e+09 1.3137e+09 1.4812e+09 1.3986e+09 1.9552e+09 1.6856e+09 2.2375e+09 1.9289e+09 2.5611e+09 2.5483e+09 2.8534e+09 3.5181e+09 3.5027e+09 3.944e+09 4.6614e+09 4.8524e+09 5.7031e+09 6.6109e+09
3.656e-05 6.2876e+07 9.8475e+07 -2.5369e+08 1.6948e+07 3.3232e+08 3.9629e+08 3.8187e+08 2.219e+08 3.8819e+08 3.5705e+08 6.12e+08 4.6479e+08 7.7131e+08 7.8436e+08 8.8082e+08 8.3906e+08 9.9176e+08 1.1853e+09 1.3898e+09 1.2443e+09 1.6171e+09 1.6704e+09 1.9744e+09 1.9217e+09 2.38e+09 2.5148e+09 2.7896e+09 3.003e+09 3.4209e+09 3.6397e+09 4.6731e+09 5.2704e+09
4.0241e-05 1.4513e+08 3.0284e+07 -2.5859e+08 -1.4435e+08 1.5587e+08 3.2311e+08 4.1014e+08 1.5494e+07 3.6917e+08 2.2358e+08 4.5339e+08 2.8225e+08 7.1315e+08 5.0319e+08 5.9276e+08 8.2921e+08 8.3503e+08 9.2276e+08 9.7888e+08 8.7842e+08 1.3001e+09 1.1902e+09 1.428e+09 1.5297e+09 1.6575e+09 1.8458e+09 2.2446e+09 2.2706e+09 2.6123e+09 2.7667e+09 3.5082e+09 4.0055e+09
4.4293e-05 -1.5677e+08 1.2099e+08 -2.8854e+08 1.2182e+08 1.9593e+08 4.7225e+08 2.2227e+08 1.5363e+08 2.0535e+08 2.6284e+08 3.136e+08 3.281e+08 4.9973e+08 3.3519e+08 4.3427e+08 6.9305e+08 3.4715e+08 5.7121e+08 1.0083e+09 6.3485e+08 1.0267e+09 7.1882e+08 9.5583e+08 1.3305e+09 1.3353e+09 1.3306e+09 1.3956e+09 1.7751e+09 2.0775e+09 2.3313e+09 2.6329e+09 3.1227e+09
4.8753e-05 -8.675e+07 -1.8694e+07 -7.1384e+07 -2.106e+08 2.273e+08 2.8845e+08 3.6005e+08 7.9663e+06 8.4875e+07 2.3863e+08 1.1058e+08 9.9216e+07 2.4188e+08 2.996e+08 3.3057e+08 4.8705e+08 4.2162e+08 5.8674e+08 7.1127e+08 5.2197e+08 8.7741e+08 7.6341e+08 8.8167e+08 1.2211e+09 1.1203e+09 1.2626e+09 1.2922e+09 1.5238e+09 1.7432e+09 1.8222e+09 2.4823e+09 2.3996e+09
5.3662e-05 5.7973e+07 3.124e+07 -4.8528e+07 -9.661e+07 2.3809e+08 2.1641e+08 2.5699e+08 -3.9145e+07 2.3711e+08 6.8821e+07 7.9158e+07 5.7596e+07 2.3384e+08 2.2564e+08 2.1324e+08 4.3212e+08 3.2691e+08 2.7974e+08 6.7369e+08 2.6219e+08 6.8363e+08 5.383e+08 7.2686e+08 6.3283e+08 8.3445e+08 6.1738e+08 9.676e+08 1.03e+09 1.2674e+09 1.1877e+09 1.7963e+09 1.8177e+09
5.9066e-05 -6.8327e+07 9.4188e+07 -2.2557e+08 -5.9872e+07 1.9583e+08 2.2736e+08 2.231e+08 1.7917e+07 3.4533e+07 1.1981e+08 1.1375e+07 8.8881e+07 1.7245e+08 9.3595e+07 1.3198e+08 2.785e+08 2.6787e+08 1.1087e+08 3.8407e+08 2.2766e+08 4.4549e+08 3.0723e+08 2.9435e+08 4.5823e+08 5.9733e+08 5.4235e+08 5.8354e+08 6.5312e+08 9.9589e+08 1.006e+09 1.314e+09 1.4152e+09
6.5013e-05 -4.0999e+08 -1.4003e+08 -1.6975e+08 -2.1835e+07 1.677e+08 2.8437e+08 1.574e+08 -4.497e+06 1.7684e+08 -9.7361e+07 -2.4434e+05 -1.9137e+08 1.2185e+08 -6.0103e+07 1.8456e+08 1.4328e+08 1.0775e+08 1.2276e+08 3.9896e+08 8.3083e+07 4.9644e+08 1.8892e+08 1.4044e+08 4.2523e+08 4.3817e+08 3.785e+08 5.6481e+08 5.4894e+08 7.3586e+08 5.4174e+08 9.8258e+08 9.3795e+08
7.156e-05 -2.1707e+08 -1.7409e+07 -1.4315e+08 4.055e+07 1.0034e+08 2.6399e+08 9.4349e+07 1.3816e+07 2.0166e+08 8.6808e+07 2.7968e+07 -2.5177e+08 7.9877e+07 5.2822e+07 7.6472e+07 1.4367e+08 9.2387e+07 -2.3648e+07 3.2178e+08 1.7372e+08 2.5221e+08 1.9513e+08 1.3842e+08 3.244e+08 3.3034e+08 2.1678e+08 3.2443e+08 4.4068e+08 6.001e+08 3.6739e+08 8.633e+08 9.6881e+08
7.8765e-05 -1.3815e+08 2.2863e+08 -3.6689e+08 -2.7316e+07 1.2601e+08 2.2617e+08 2.1884e+08 1.5289e+07 1.5892e+08 -1.6686e+07 5.0871e+07 -1.7178e+08 -2.0319e+07 -4.5081e+07 3.8469e+07 1.6042e+08 4.954e+07 -8.216e+07 2.7519e+08 4.8162e+07 2.679e+08 1.1284e+08 4.8377e+07 1.5623e+08 2.0242e+08 1.1325e+08 2.4709e+08 3.4276e+08 3.9123e+08 2.9894e+08 6.2451e+08 6.4633e+08
8.6696e-05 -1.1625e+08 -2.0855e+08 -2.6113e+08 9.7751e+07 1.5769e+08 1.7945e+08 1.3709e+08 -3.5049e+07 1.1196e+08 -2.5625e+07 6.3012e+07 -1.8317e+08 9.3154e+07 -1.1169e+08 5.2456e+07 9.1307e+07 2.4388e+07 -1.3661e+08 1.6651e+08 -2.1288e+06 1.7133e+08 -2.9183e+07 3.8274e+07 5.6572e+07 2.5088e+08 8.9143e+07 5.6387e+07 1.9711e+08 3.405e+08 1.5327e+08 5.2637e+08 5.4985e+08
9.5426e-05 -9.5668e+06 -1.671e+08 -3.3886e+08 -2.4699e+08 2.5197e+08 1.5518e+08 3.1004e+07 -2.8998e+07 1.7481e+08 -1.4332e+08 6.6215e+07 -2.8714e+08 9.6291e+06 2.7294e+07 5.7484e+07 5.3415e+06 -7.0132e+07 -2.9944e+07 1.6259e+08 -1.9589e+07 2.1928e+08 1.6943e+07 2.5564e+07 3.0302e+07 2.1932e+08 -7.5966e+06 1.2521e+08 1.0928e+08 2.4448e+08 1.1948e+08 4.208e+08 4.7208e+08
0.00010503 -7.1323e+07 7.5367e+07 -3.3839e+08 -2.3444e+08 2.574e+08 1.2711e+08 -7.689e+07 1.3648e+07 1.1189e+08 -1.4196e+08 -9.4653e+07 -1.679e+08 8.6913e+07 -1.8231e+07 1.5564e+07 3.9881e+07 2.2077e+07 -8.2255e+07 1.1657e+08 -1.5163e+08 2.0666e+08 1.3134e+07 8.8539e+07 7.7442e+07 9.3088e+07 -5.8131e+07 -6.2581e+07 1.1093e+08 2.0629e+08 -1.4541e+07 4.2439e+08 3.3788e+08
0.00011561 -1.1637e+08 -2.6568e+07 -2.5775e+08 -3.4178e+08 2.5812e+08 3.4046e+08 1.6481e+07 3.2926e+06 6.4372e+07 -1.0849e+08 -4.9586e+07 -1.836e+08 1.2444e+08 1.426e+07 -4.3262e+07 1.6873e+08 -6.3244e+07 -1.0359e+08 1.529e+08 -1.2551e+08 2.3194e+08 1.8163e+07 6.8209e+07 7.8581e+07 8.5088e+07 2.0945e+07 4.6275e+07 1.9699e+07 1.5287e+08 6.2859e+06 3.017e+08 3.3503e+08
0.00012725 5.1151e+07 -1.9096e+08 -3.3997e+08 -2.2646e+08 6.956e+07 1.2172e+08 6.5645e+07 -6.1917e+07 9.9571e+07 -3.0594e+07 -6.7512e+07 -1.6037e+08 1.0812e+08 -1.0111e+08 2.1082e+07 6.9198e+07 -2.9869e+07 -1.7402e+08 1.1239e+08 -1.6204e+08 1.5819e+08 4.441e+07 9.234e+06 1.3666e+08 1.3554e+08 -2.111e+07 -7.1677e+07 -1.2312e+07 1.343e+08 -5.8388e+07 2.7589e+08 1.4596e+08
0.00014007 4.5696e+07 -5.8464e+07 -1.6358e+08 -5.6203e+07 1.417e+08 8.4657e+07 7.8186e+06 3.9972e+07 2.2823e+08 2.5759e+07 2.1368e+07 -6.2836e+07 1.9771e+08 -1.1287e+08 -4.2294e+06 6.6736e+07 -1.2461e+08 -1.5251e+08 6.4593e+07 -1.4034e+08 1.5776e+08 1.0448e+07 -3.4943e+07 1.1066e+08 1.5993e+07 -2.7429e+07 -1.9107e+08 -3.6521e+06 6.3922e+07 -1.178e+08 2.4529e+08 1.0538e+08
0.00015417 1.86e+08 -3.86e+07 -8.0563e+07 -1.1188e+08 2.0834e+08 1.61e+08 -8.2689e+07 9.6794e+07 1.7443e+08 -1.5955e+08 7.6038e+06 -1.3005e+08 2.0091e+08 -1.0885e+08 4.1865e+07 -6.3243e+06 -1.9557e+07 -1.3015e+08 9.6361e+07 -1.7084e+08 1.843e+08 -4.2965e+05 -6.0145e+07 1.3373e+08 1.0041e+07 -3.8366e+07 -2.0294e+08 -2.3082e+07 7.0953e+07 -9.4226e+07 2.4564e+08 1.6301e+08
0.00016969 5.688e+07 7.0043e+07 -1.6018e+08 -1.9961e+08 2.0602e+08 1.6364e+08 -9.4291e+07 1.0511e+08 2.5867e+08 -1.1171e+08 4.2629e+07 -2.299e+08 1.1941e+08 -1.4516e+08 3.5178e+07 5.061e+07 -8.703e+07 -9.706e+07 8.6155e+07 -1.2003e+08 1.2997e+08 -2.6182e+07 -1.2254e+08 1.4315e+08 2.9798e+07 -5.519e+07 -1.789e+08 -5.4362e+07 6.5951e+07 -1.547e+08 1.9067e+08 2.5796e+07
