1.05e-09 4.1598e+10 4.0521e+10 9.5065e+10 6.9527e+10 1.1572e+11 4.6961e+10 6.5783e+10 8.6645e+10 6.0017e+10 6.0878e+10 7.6973e+10 7.1752e+10 6.3119e+10 6.9734e+10 5.8549e+10 5.6304e+10 2.7089e+10 1.0465e+11 4.9273e+10 4.114e+10 4.42e+10 6.0391e+10 3.7761e+10 2.137e+10 4.0857e+10 5.7393e+10 3.9086e+10 3.5539e+10 2.8426e+10 1.5654e+10 4.1449e+10 2.194e+10
1.85e-09 1.0674e+11 2.6363e+10 1.0403e+11 5.727e+10 9.5728e+10 7.7895e+10 5.8244e+10 7.1704e+10 9.3676e+10 5.8762e+10 7.2716e+10 7.1752e+10 5.0138e+10 1.0265e+11 6.3128e+10 4.8363e+10 2.1623e+10 9.0508e+10 5.4728e+10 5.8503e+10 6.1316e+10 4.2446e+10 3.9475e+10 2.9549e+10 3.1742e+10 3.8827e+10 5.8809e+10 3.5539e+10 2.8426e+10 3.0929e+10 4.529e+10 3.9673e+10
2.65e-09 6.5285e+10 5.9399e+10 8.1618e+10 4.9098e+10 9.2395e+10 5.4694e+10 7.8348e+10 4.4313e+10 1.0265e+11 5.2413e+10 5.5686e+10 6.341e+10 3.1593e+10 8.9484e+10 5.5496e+10 4.0422e+10 1.9801e+10 7.8383e+10 6.3819e+10 6.0239e+10 5.2758e+10 2.2869e+10 2.7478e+10 5.4086e+10 1.9589e+10 3.1091e+10 6.4726e+10 3.5539e+10 2.8426e+10 2.9232e+10 4.1449e+10 3.5733e+10
3.45e-09 4.752e+10 5.468e+10 6.369e+10 6.9527e+10 4.9068e+10 5.7272e+10 7.5835e+10 2.1902e+10 8.2457e+10 3.9714e+10 5.5686e+10 5.7153e+10 2.232e+10 4.5047e+10 6.3128e+10 5.6304e+10 2.1623e+10 5.4132e+10 4.5636e+10 4.8085e+10 3.0507e+10 2.4501e+10 2.2337e+10 5.5722e+10 7.4358e+09 2.7997e+10 4.5003e+10 2.2303e+10 2.8426e+10 4.281e+10 2.9925e+10 2.194e+10
4.25e-09 4.752e+10 3.5802e+10 5.4725e+10 1.063e+11 5.5734e+10 4.9539e+10 5.0705e+10 2.6882e+10 4.431e+10 5.0296e+10 5.5686e+10 5.5068e+10 2.4175e+10 3.0235e+10 4.1758e+10 6.5832e+10 2.7089e+10 9.2529e+10 4.5636e+10 4.2877e+10 2.7084e+10 2.9395e+10 8.6259e+09 4.1e+10 8.9549e+09 2.1808e+10 3.3169e+10 1.7339e+10 2.1868e+10 3.4323e+10 1.8401e+10 1.997e+10
5.05e-09 2.3833e+10 5.468e+10 7.2654e+10 8.9956e+10 5.5734e+10 5.4694e+10 5.8244e+10 2.9372e+10 3.7578e+10 3.9714e+10 4.2914e+10 5.9239e+10 3.3447e+10 3.5172e+10 2.802e+10 5.4715e+10 3.2555e+10 9.4549e+10 4.7455e+10 2.3778e+10 2.1949e+10 1.9606e+10 1.3767e+10 4.1e+10 1.5032e+10 1.8713e+10 2.528e+10 2.8921e+10 2.1868e+10 2.414e+10 1.4559e+10 1.2089e+10
5.85e-09 4.1598e+10 4.5241e+10 9.0583e+10 9.4042e+10 3.907e+10 3.6649e+10 4.5679e+10 1.6922e+10 3.9822e+10 3.5481e+10 2.5884e+10 4.8811e+10 4.0865e+10 2.6943e+10 5.7023e+10 5.1539e+10 3.8021e+10 6.8278e+10 4.7455e+10 3.7668e+10 2.3661e+10 2.2869e+10 3.9475e+10 1.9735e+10 1.5032e+10 2.6449e+10 2.3307e+10 2.3957e+10 3.0066e+10 2.414e+10 2.2242e+10 1.8e+10
6.65e-09 7.1207e+10 5.9399e+10 5.4725e+10 8.9956e+10 3.2404e+10 3.1493e+10 5.8244e+10 1.4431e+10 3.7578e+10 3.9714e+10 3.4399e+10 3.8383e+10 5.5701e+10 1.3777e+10 7.0761e+10 4.5187e+10 3.0733e+10 5.8174e+10 3.4727e+10 4.114e+10 1.6814e+10 3.1026e+10 3.9475e+10 2.9549e+10 2.8704e+10 3.4185e+10 2.3307e+10 2.7266e+10 2.6787e+10 2.9232e+10 3.5687e+10 2.5881e+10
7.45e-09 6.5285e+10 3.5802e+10 2.335e+10 7.7699e+10 2.9071e+10 5.4694e+10 6.0757e+10 3.9333e+10 6.0017e+10 4.3947e+10 3.0141e+10 3.6297e+10 4.0865e+10 2.036e+10 4.939e+10 4.5187e+10 2.3445e+10 5.4132e+10 2.5635e+10 3.7668e+10 1.8526e+10 3.4289e+10 3.6047e+10 3.4457e+10 1.3512e+10 3.1091e+10 1.9363e+10 2.5612e+10 3.0066e+10 1.7351e+10 2.0321e+10 2.5881e+10
8.25e-09 4.752e+10 3.1082e+10 9.9034e+09 4.9098e+10 2.2405e+10 5.2117e+10 6.5783e+10 4.6803e+10 6.6749e+10 3.9714e+10 2.5884e+10 5.5068e+10 4.0865e+10 3.3527e+10 2.802e+10 2.2953e+10 1.6157e+10 5.2112e+10 4.7455e+10 3.7668e+10 1.5103e+10 3.2657e+10 3.262e+10 4.4271e+10 1.3512e+10 4.3469e+10 1.3446e+10 2.0648e+10 2.3508e+10 1.9048e+10 2.2242e+10 2.3911e+10
9.05e-09 1.199e+10 -1.9539e+09 5.0243e+10 3.6841e+10 1.9073e+10 2.8915e+10 3.5627e+10 4.9293e+10 5.7773e+10 2.9131e+10 4.93e+10 5.5068e+10 8.7228e+10 4.6693e+10 2.4967e+10 2.1365e+10 1.4336e+10 3.9986e+10 5.6546e+10 2.725e+10 3.0507e+10 2.6132e+10 3.0906e+10 3.6092e+10 3.63e+10 4.1921e+10 5.5563e+09 1.8994e+10 1.3671e+10 2.414e+10 2.2242e+10 2.9822e+10
9.85e-09 1.7912e+10 4.0521e+10 4.5761e+10 4.9098e+10 1.9073e+10 3.4071e+10 3.5627e+10 3.9333e+10 3.7578e+10 2.9131e+10 3.8656e+10 3.6297e+10 6.8683e+10 4.011e+10 4.0232e+10 2.2953e+10 1.0692e+10 3.9986e+10 6.2001e+10 1.5097e+10 3.393e+10 1.6344e+10 2.9192e+10 1.9735e+10 4.6934e+10 3.8827e+10 9.5009e+09 2.5612e+10 1.3671e+10 1.9048e+10 2.2242e+10 2.5881e+10
1.105e-08 7.1207e+10 7.8277e+10 1.4386e+10 4.5013e+10 1.7406e+10 4.1805e+10 3.437e+10 1.9412e+10 2.8602e+10 3.5481e+10 3.9721e+10 3.4212e+10 4.7356e+10 4.5047e+10 4.6337e+10 2.2953e+10 2.9822e+10 2.8872e+10 5.4728e+10 2.291e+10 4.6767e+10 2.2869e+10 2.2337e+10 2.9549e+10 2.2627e+10 4.5789e+10 1.5418e+10 3.3885e+10 1.449e+10 1.4805e+10 2.6083e+10 1.4059e+10
1.185e-08 7.1207e+10 7.1198e+10 9.9034e+09 3.4798e+10 1.2407e+10 3.1493e+10 3.437e+10 8.2062e+09 3.6456e+10 3.1248e+10 2.6948e+10 4.2554e+10 4.6429e+10 5.8214e+10 4.7864e+10 2.6129e+10 4.2576e+10 2.6851e+10 4.3818e+10 3.68e+10 3.5642e+10 3.021e+10 2.0623e+10 2.6278e+10 2.1108e+10 3.8053e+10 2.1335e+10 4.2158e+10 2.3508e+10 1.9897e+10 2.8004e+10 1.8e+10
1.305e-08 5.739e+10 3.7375e+10 8.4093e+09 3.9565e+10 1.2407e+10 2.8056e+10 3.5627e+10 1.2771e+10 3.8326e+10 3.9008e+10 2.2336e+10 3.7688e+10 5.0756e+10 5.3825e+10 4.8882e+10 3.8834e+10 3.1948e+10 2.1799e+10 2.7453e+10 3.8247e+10 3.1648e+10 2.6132e+10 1.4339e+10 2.7913e+10 3.4274e+10 2.9544e+10 2.0677e+10 3.5539e+10 3.3892e+10 1.6785e+10 3.0565e+10 2.2597e+10
1.465e-08 4.3572e+10 2.007e+10 2.4844e+10 3.2755e+10 4.4624e+10 1.6885e+10 4.2328e+10 2.0242e+10 2.561e+10 4.183e+10 3.3689e+10 3.7688e+10 4.7047e+10 4.9985e+10 2.8529e+10 5.2598e+10 3.9235e+10 2.3146e+10 2.6241e+10 3.9404e+10 3.7353e+10 2.5044e+10 2.2337e+10 2.9004e+10 2.7691e+10 2.3871e+10 6.8711e+09 2.7818e+10 2.952e+10 2.3574e+10 3.1205e+10 2.6538e+10
1.585e-08 2.3833e+10 1.6924e+10 4.352e+10 1.8455e+10 5.0734e+10 9.5813e+09 5.1961e+10 2.8127e+10 2.748e+10 4.3947e+10 2.6948e+10 4.3597e+10 4.1792e+10 5.4099e+10 3.2599e+10 5.4715e+10 4.8041e+10 3.1903e+10 5.291e+10 2.9855e+10 3.9065e+10 2.4501e+10 2.9192e+10 3.8546e+10 2.5666e+10 2.9544e+10 3.5839e+09 2.2303e+10 1.777e+10 3.008e+10 3.1846e+10 1.997e+10
1.705e-08 2.7781e+10 5.6253e+10 5.3231e+10 4.5013e+10 2.796e+10 1.6885e+10 4.4003e+10 2.7712e+10 2.6358e+10 5.2413e+10 2.4465e+10 3.8383e+10 4.4574e+10 3.2429e+10 4.0232e+10 4.254e+10 2.9518e+10 4.1334e+10 5.1697e+10 3.0723e+10 4.0206e+10 2.015e+10 2.2337e+10 2.9549e+10 1.7057e+10 3.006e+10 9.5009e+09 2.506e+10 1.5857e+10 2.6403e+10 2.6083e+10 1.2746e+10
1.905e-08 3.7157e+10 6.2939e+10 2.335e+10 3.4798e+10 2.9904e+10 1.5382e+10 5.2589e+10 3.124e+10 4.2627e+10 3.8126e+10 3.0141e+10 4.1511e+10 5.1065e+10 2.6121e+10 4.214e+10 4.4393e+10 3.301e+10 4.3018e+10 3.6545e+10 3.2025e+10 3.9921e+10 3.5104e+10 2.7478e+10 1.6463e+10 9.7145e+09 2.7997e+10 3.3662e+10 3.7194e+10 3.3345e+10 2.0745e+10 2.4163e+10 1.8492e+10
2.105e-08 1.9886e+10 3.7375e+10 8.4093e+09 2.3222e+10 3.907e+10 2.29e+10 6.0757e+10 2.9372e+10 5.179e+10 2.8426e+10 2.7303e+10 4.8811e+10 4.3956e+10 2.036e+10 4.3285e+10 3.1423e+10 2.466e+10 5.4806e+10 3.8363e+10 3.188e+10 4.1918e+10 2.1238e+10 4.0618e+10 1.4282e+10 1.3006e+10 1.9229e+10 3.2511e+10 3.1679e+10 4.4275e+10 2.0745e+10 2.7364e+10 1.997e+10
2.305e-08 4.3079e+10 3.8161e+10 3.4555e+10 1.8455e+10 3.2404e+10 3.1493e+10 5.3218e+10 1.5677e+10 6.2822e+10 3.1248e+10 2.482e+10 3.0041e+10 2.9738e+10 2.1595e+10 3.9087e+10 2.2159e+10 2.9822e+10 3.6955e+10 4.1545e+10 4.3311e+10 3.3502e+10 2.1238e+10 4.4617e+10 2.4642e+10 1.8829e+10 2.4129e+10 2.7745e+10 2.6026e+10 3.5804e+10 3.4323e+10 4.0489e+10 2.9822e+10
2.545e-08 2.0873e+10 2.6363e+10 4.6881e+10 1.4369e+10 5.1568e+10 4.116e+10 5.1961e+10 3.8088e+10 5.8334e+10 2.9661e+10 3.1206e+10 2.5348e+10 4.0865e+10 4.2579e+10 3.6797e+10 3.9231e+10 3.3921e+10 3.8976e+10 2.8363e+10 7.4563e+10 2.8795e+10 4.0406e+10 4.1189e+10 4.3862e+10 3.1742e+10 5.2365e+10 3.9086e+10 4.0503e+10 2.9246e+10 5.1296e+10 4.2409e+10 4.4107e+10
2.785e-08 1.7912e+10 2.0464e+10 4.0158e+10 2.5605e+10 4.5735e+10 4.8894e+10 4.4422e+10 5.5518e+10 4.6554e+10 2.0136e+10 3.8124e+10 2.6391e+10 4.5965e+10 3.6407e+10 3.9087e+10 6.0671e+10 3.2555e+10 4.807e+10 1.6998e+10 5.9805e+10 2.3233e+10 5.2642e+10 4.2046e+10 4.2227e+10 3.1362e+10 5.2752e+10 2.6759e+10 4.3812e+10 2.8426e+10 3.4323e+10 4.481e+10 5.051e+10
3.065e-08 3.0939e+10 1.1261e+10 3.9486e+10 3.3572e+10 3.7736e+10 6.9131e+10 6.1259e+10 3.9831e+10 3.5334e+10 2.6168e+10 4.93e+10 2.9623e+10 4.4945e+10 4.8339e+10 5.6412e+10 3.2799e+10 4.2393e+10 4.7261e+10 2.8181e+10 3.9057e+10 4.0777e+10 4.6687e+10 4.1532e+10 5.4413e+10 4.4807e+10 4.0065e+10 3.0408e+10 3.6201e+10 3.5968e+10 2.7195e+10 3.3766e+10 3.2186e+10
3.385e-08 1.199e+10 3.6746e+10 2.8729e+10 3.6841e+10 2.7738e+10 5.2632e+10 4.8694e+10 3.9831e+10 2.1871e+10 6.1302e+10 5.526e+10 4.8394e+10 6.2377e+10 7.8951e+10 4.7864e+10 4.741e+10 6.2435e+10 5.9387e+10 5e+10 4.1488e+10 6.1658e+10 4.2119e+10 6.1755e+10 8.7129e+10 6.4252e+10 5.2752e+10 5.5259e+10 4.9769e+10 4.4494e+10 4.6883e+10 3.7992e+10 4.7555e+10
3.705e-08 4.8842e+09 2.1643e+10 5.5622e+10 3.2755e+10 4.3069e+10 4.0258e+10 7.684e+10 7.4194e+10 4.79e+10 7.527e+10 5.1003e+10 6.4661e+10 7.9068e+10 5.953e+10 4.2979e+10 8.9337e+10 8.9764e+10 8.8891e+10 8.4912e+10 6.6142e+10 7.227e+10 6.398e+10 5.5242e+10 8.353e+10 8.4608e+10 4.0065e+10 8.6027e+10 6.0358e+10 6.9743e+10 8.2865e+10 5.9888e+10 7.0016e+10
4.065e-08 2.0873e+10 3.2655e+10 5.6219e+10 5.4546e+10 6.1288e+10 8.1762e+10 6.9133e+10 8.4155e+10 8.9563e+10 1.025e+11 8.123e+10 9.0175e+10 9.6809e+10 9.2227e+10 8.5516e+10 8.1449e+10 1.1454e+11 1.0499e+11 1.114e+11 9.0624e+10 9.8685e+10 8.6764e+10 6.0612e+10 8.6529e+10 9.9597e+10 6.1519e+10 7.9847e+10 9.8138e+10 8.7176e+10 8.8636e+10 7.5701e+10 1.0535e+11
4.465e-08 2.3833e+10 5.0747e+10 6.1449e+10 7.2932e+10 1.2572e+11 9.2933e+10 9.3845e+10 1.0408e+11 1.2921e+11 1.0568e+11 8.8326e+10 1.1173e+11 9.5882e+10 1.0731e+11 1.1426e+11 1.2327e+11 1.273e+11 1.0533e+11 9.1397e+10 1.1696e+11 1.158e+11 1.3e+11 1.1374e+11 1.0016e+11 9.0736e+10 6.8482e+10 1.1469e+11 1.3564e+11 1.1887e+11 1.288e+11 1.0803e+11 1.2571e+11
4.905e-08 3.5677e+10 6.1422e+10 7.0093e+10 9.1123e+10 1.4477e+11 1.1546e+11 9.4862e+10 1.2079e+11 1.3791e+11 1.2951e+11 1.2624e+11 1.2628e+11 1.9664e+11 1.5132e+11 1.1852e+11 1.6929e+11 1.9497e+11 1.6239e+11 1.4253e+11 1.6764e+11 1.7086e+11 1.7389e+11 1.2125e+11 1.3237e+11 1.5892e+11 1.321e+11 1.5151e+11 1.5963e+11 1.4132e+11 1.347e+11 1.7672e+11 1.3735e+11
5.385e-08 7.2053e+10 8.839e+10 1.1812e+11 1.2089e+11 1.0097e+11 1.2724e+11 1.1856e+11 1.7415e+11 1.7446e+11 1.7456e+11 1.8858e+11 2.0076e+11 2.2843e+11 1.7765e+11 1.4796e+11 1.8971e+11 2.0382e+11 2.0425e+11 1.6798e+11 2.1179e+11 1.892e+11 2.1584e+11 2.1698e+11 1.5691e+11 1.6217e+11 1.7299e+11 2.1603e+11 1.7523e+11 1.8887e+11 1.8926e+11 1.9538e+11 1.4804e+11
5.945e-08 9.7525e+10 9.9252e+10 1.0303e+11 1.0721e+11 1.1461e+11 1.7156e+11 1.476e+11 1.7076e+11 1.7221e+11 2.0127e+11 1.8885e+11 2.1728e+11 2.5166e+11 1.928e+11 1.7388e+11 2.2129e+11 1.9633e+11 2.1086e+11 2.3494e+11 2.5123e+11 2.0014e+11 2.5543e+11 2.2819e+11 2.342e+11 2.1961e+11 1.8942e+11 2.2624e+11 2.0762e+11 1.9657e+11 2.561e+11 1.9745e+11 2.0277e+11
6.545e-08 9.9335e+10 7.4737e+10 1.4045e+11 1.6197e+11 1.6072e+11 1.9068e+11 1.9929e+11 2.2049e+11 2.2551e+11 2.4184e+11 2.0842e+11 2.3234e+11 2.597e+11 2.0222e+11 2.505e+11 2.5958e+11 2.5324e+11 2.3854e+11 2.6588e+11 2.6837e+11 2.9623e+11 3.1468e+11 2.5628e+11 3.0068e+11 2.4518e+11 2.3668e+11 2.7478e+11 2.7049e+11 2.4116e+11 2.8382e+11 2.4816e+11 2.4533e+11
7.185e-08 6.1732e+10 9.857e+10 1.6409e+11 1.8556e+11 2.2404e+11 1.8797e+11 2.4094e+11 2.3829e+11 2.7409e+11 2.6935e+11 2.8921e+11 2.6842e+11 2.736e+11 2.3991e+11 3.1927e+11 2.7594e+11 3.0621e+11 3.1846e+11 3.0074e+11 3.0088e+11 3.528e+11 3.5143e+11 3.1146e+11 2.6674e+11 2.9592e+11 2.5729e+11 3.164e+11 2.9101e+11 3.0452e+11 3.0351e+11 2.8365e+11 2.8045e+11
7.905e-08 7.0615e+10 1.2358e+11 1.8112e+11 1.7698e+11 1.9971e+11 2.238e+11 2.4697e+11 2.8013e+11 2.7454e+11 3.0385e+11 3.2071e+11 3.0722e+11 3.463e+11 2.646e+11 3.0461e+11 3.1406e+11 3.2734e+11 3.0371e+11 3.6547e+11 3.7381e+11 3.3979e+11 3.5779e+11 3.1643e+11 2.8866e+11 3.5046e+11 3.1562e+11 3.5209e+11 3.236e+11 3.3371e+11 3.4543e+11 3.5107e+11 2.8833e+11
8.705e-08 9.0946e+10 1.1997e+11 1.8583e+11 1.5703e+11 2.2321e+11 2.2655e+11 2.6285e+11 3.0121e+11 2.9096e+11 3.0198e+11 3.255e+11 3.2689e+11 3.3727e+11 2.7532e+11 3.1855e+11 2.8883e+11 3.4532e+11 3.5894e+11 3.5869e+11 3.6365e+11 3.5e+11 3.5798e+11 3.7096e+11 3.8779e+11 3.5697e+11 3.4014e+11 3.5104e+11 3.546e+11 3.413e+11 3.6388e+11 3.5644e+11 3.326e+11
9.585e-08 8.8972e+10 1.5733e+11 1.7164e+11 1.6963e+11 2.5209e+11 2.4052e+11 2.6326e+11 3.2839e+11 3.0853e+11 3.5295e+11 3.663e+11 3.0499e+11 3.8364e+11 2.7738e+11 3.9399e+11 3.6863e+11 3.6688e+11 3.4682e+11 3.899e+11 3.6712e+11 3.9094e+11 4.5736e+11 3.8996e+11 4.0319e+11 4.2242e+11 4.0809e+11 3.8967e+11 3.9155e+11 3.9008e+11 3.957e+11 3.8493e+11 3.9614e+11
1.0545e-07 1.3381e+11 1.5075e+11 1.6998e+11 1.7547e+11 2.7903e+11 2.7142e+11 2.7329e+11 3.0008e+11 3.1919e+11 3.1939e+11 3.7864e+11 3.6269e+11 3.6712e+11 3.3341e+11 3.4072e+11 3.8641e+11 3.7573e+11 3.8974e+11 4.2475e+11 4.0166e+11 4.4777e+11 4.3875e+11 4.3317e+11 4.0192e+11 4.4755e+11 3.9479e+11 3.9932e+11 4.0983e+11 4.225e+11 4.3536e+11 4.2422e+11 3.5971e+11
1.1625e-07 1.5964e+11 1.5945e+11 1.7037e+11 1.7113e+11 2.4771e+11 2.7536e+11 2.9313e+11 2.837e+11 2.8022e+11 3.3715e+11 3.5938e+11 3.6304e+11 4.1498e+11 3.7212e+11 3.6089e+11 3.9309e+11 3.9536e+11 4.3055e+11 4.4008e+11 4.3434e+11 4.2451e+11 4.5855e+11 4.6873e+11 4.3871e+11 4.2945e+11 4.0778e+11 4.0331e+11 3.9933e+11 4.1874e+11 4.1881e+11 4.2636e+11 4.076e+11
1.2785e-07 1.1969e+11 1.532e+11 1.6398e+11 2.1636e+11 2.6362e+11 2.5738e+11 2.9557e+11 3.0048e+11 2.9535e+11 3.3708e+11 3.6422e+11 3.8772e+11 3.9913e+11 3.1907e+11 3.9027e+11 4.5314e+11 3.9318e+11 3.9212e+11 4.3827e+11 4.1411e+11 4.7295e+11 4.4254e+11 4.6451e+11 4.2551e+11 4.6365e+11 4.2824e+11 4.338e+11 4.5105e+11 4.5737e+11 4.3477e+11 4.4395e+11 4.6748e+11
1.4065e-07 1.0608e+11 1.6585e+11 2.3177e+11 2.005e+11 3.0533e+11 3.0948e+11 3.0843e+11 3.0453e+11 3.4674e+11 3.6153e+11 3.9533e+11 3.9954e+11 4.8615e+11 4.2934e+11 4.0531e+11 4.5475e+11 3.9988e+11 4.619e+11 4.9597e+11 4.6353e+11 4.8722e+11 5.3992e+11 5.1402e+11 4.6149e+11 4.809e+11 5.0574e+11 4.9075e+11 4.8494e+11 4.7975e+11 4.9202e+11 5.0476e+11 4.7424e+11
1.5465e-07 7.4323e+10 1.513e+11 2.1821e+11 1.8027e+11 2.7412e+11 2.7477e+11 3.1576e+11 3.2203e+11 3.2764e+11 3.8158e+11 3.7869e+11 4.0391e+11 4.6271e+11 3.9352e+11 4.3116e+11 4.5083e+11 4.2581e+11 4.7096e+11 5.0921e+11 4.9659e+11 4.503e+11 5.097e+11 4.8525e+11 4.6346e+11 4.7277e+11 5.025e+11 4.7476e+11 4.9081e+11 4.7334e+11 4.9241e+11 4.8179e+11 4.7491e+11
1.6985e-07 9.0664e+10 1.5783e+11 1.465e+11 1.8899e+11 2.5015e+11 2.6547e+11 2.9303e+11 3.0815e+11 3.4916e+11 3.5819e+11 4.0632e+11 3.8459e+11 4.7279e+11 4.0845e+11 3.6377e+11 4.1696e+11 4.2896e+11 4.7736e+11 4.4982e+11 4.6512e+11 4.6916e+11 4.9193e+11 5.0311e+11 4.4192e+11 4.741e+11 4.6217e+11 4.9545e+11 4.5518e+11 4.4385e+11 4.7351e+11 4.6391e+11 4.6592e+11
1.8705e-07 7.0467e+10 1.6893e+11 1.6118e+11 2.0657e+11 2.4626e+11 2.6469e+11 2.6305e+11 2.8233e+11 2.7936e+11 3.0815e+11 3.5947e+11 3.5948e+11 3.9059e+11 3.6735e+11 3.7401e+11 4.1515e+11 3.7979e+11 4.2201e+11 4.2293e+11 4.3628e+11 4.589e+11 4.4179e+11 4.3787e+11 4.3202e+11 4.2185e+11 4.2646e+11 4.4843e+11 4.3809e+11 4.2512e+11 4.5588e+11 4.3271e+11 4.5492e+11
2.0585e-07 7.5707e+10 1.1679e+11 1.4293e+11 1.7347e+11 2.1771e+11 2.0359e+11 2.5647e+11 2.7111e+11 2.6951e+11 3.1519e+11 3.1837e+11 3.2753e+11 3.8239e+11 3.7651e+11 3.5669e+11 3.6732e+11 3.5394e+11 3.9081e+11 3.8464e+11 3.9318e+11 4.2801e+11 4.0859e+11 4.2385e+11 4.1507e+11 3.7987e+11 3.8695e+11 3.9876e+11 3.971e+11 4.0001e+11 4.1519e+11 4.1199e+11 4.3311e+11
2.2665e-07 5.0175e+10 1.1359e+11 1.1516e+11 1.225e+11 1.5917e+11 1.4714e+11 1.8814e+11 2.1295e+11 2.1655e+11 2.3501e+11 2.4947e+11 2.6787e+11 3.2697e+11 2.7676e+11 2.7915e+11 2.8844e+11 2.7764e+11 3.0116e+11 3.022e+11 3.3726e+11 3.5246e+11 3.5741e+11 3.3331e+11 3.483e+11 3.2997e+11 3.2981e+11 3.5908e+11 3.5351e+11 3.651e+11 3.6143e+11 3.5896e+11 3.5092e+11
2.4945e-07 5.0481e+10 4.3825e+10 6.1299e+10 6.1219e+10 9.495e+10 8.6746e+10 1.0055e+11 1.0499e+11 1.1746e+11 1.2959e+11 1.3161e+11 1.4948e+11 1.6827e+11 1.376e+11 1.4276e+11 1.5154e+11 1.59e+11 1.7518e+11 1.9734e+11 1.8386e+11 1.9973e+11 2.1602e+11 1.9532e+11 2.1347e+11 2.0462e+11 1.8942e+11 2.0818e+11 2.0127e+11 2.1014e+11 2.0824e+11 2.1873e+11 2.258e+11
2.7425e-07 3.2193e+10 3.0805e+10 3.8247e+10 4.1768e+10 5.5538e+10 6.2959e+10 6.6891e+10 6.2622e+10 8.9717e+10 8.9824e+10 9.4441e+10 9.0707e+10 1.0545e+11 9.2049e+10 1.1094e+11 1.1562e+11 1.2488e+11 1.103e+11 1.2072e+11 1.039e+11 1.1256e+11 1.3174e+11 1.291e+11 1.1745e+11 1.2655e+11 1.3316e+11 1.2732e+11 1.3876e+11 1.4194e+11 1.4e+11 1.4036e+11 1.503e+11
3.0185e-07 1.6311e+10 2.547e+10 2.3956e+10 3.5847e+10 3.8889e+10 4.1526e+10 4.2215e+10 4.3101e+10 5.3953e+10 6.74e+10 6.4028e+10 6.589e+10 7.3795e+10 7.098e+10 7.798e+10 7.8065e+10 8.7213e+10 8.8869e+10 8.3821e+10 9.2289e+10 8.1855e+10 8.3142e+10 9.2882e+10 8.6138e+10 9.7804e+10 9.0135e+10 8.2317e+10 9.0096e+10 9.352e+10 9.4645e+10 9.6838e+10 9.8836e+10
3.3225e-07 1.0113e+10 2.4176e+10 2.8379e+10 2.2591e+10 3.7688e+10 2.9356e+10 2.9804e+10 3.9636e+10 4.2558e+10 5.6439e+10 5.8334e+10 5.8883e+10 8.1076e+10 5.436e+10 7.1766e+10 7.0519e+10 6.7794e+10 6.6159e+10 7.4773e+10 7.0784e+10 7.7221e+10 7.9967e+10 7.7681e+10 8.2373e+10 7.6094e+10 7.8299e+10 7.7715e+10 8.6388e+10 8.7769e+10 8.3503e+10 9.743e+10 9.2968e+10
3.6585e-07 9.7531e+09 2.3007e+10 1.8967e+10 1.7683e+10 3.3367e+10 2.6509e+10 3.6967e+10 3.0479e+10 4.8548e+10 5.7022e+10 5.0955e+10 6.3039e+10 6.9672e+10 6.4358e+10 5.9872e+10 7.035e+10 4.8993e+10 7.7305e+10 7.3476e+10 6.6953e+10 6.7896e+10 8.0511e+10 7.1657e+10 8.1058e+10 6.8978e+10 7.3897e+10 7.8094e+10 7.7493e+10 7.2184e+10 8.6147e+10 9.5826e+10 9.1909e+10
4.0265e-07 9.3315e+09 1.6828e+10 2.1429e+10 2.6585e+10 3.0635e+10 2.5917e+10 4.2345e+10 2.6272e+10 3.854e+10 4.6452e+10 4.0307e+10 6.1239e+10 6.0886e+10 5.8818e+10 5.6431e+10 6.4082e+10 5.8397e+10 7.929e+10 8.2707e+10 6.357e+10 6.7708e+10 7.3442e+10 6.917e+10 6.8107e+10 6.8109e+10 6.3456e+10 8.2034e+10 8.4603e+10 7.4434e+10 7.8695e+10 7.4375e+10 1.0449e+11
4.4305e-07 1.0894e+10 1.2554e+10 1.9366e+10 1.5429e+10 2.5059e+10 2.4046e+10 2.725e+10 2.8496e+10 3.1636e+10 4.281e+10 4.5988e+10 4.5489e+10 5.8414e+10 5.8153e+10 5.4479e+10 6.1656e+10 6.6598e+10 6.8578e+10 7.6783e+10 6.6959e+10 7.2378e+10 6.6946e+10 5.4201e+10 7.0232e+10 6.6429e+10 6.5502e+10 6.4288e+10 7.384e+10 7.5396e+10 6.8017e+10 8.3171e+10 9.5572e+10
4.8785e-07 1.4754e+10 1.1575e+10 1.4684e+10 1.4982e+10 2.0572e+10 1.8776e+10 2.0088e+10 2.4018e+10 3.5259e+10 3.5234e+10 4.5149e+10 4.4744e+10 5.5948e+10 5.7446e+10 6.1017e+10 6.3794e+10 5.2566e+10 7.7608e+10 6.7759e+10 6.7242e+10 6.6393e+10 6.1777e+10 5.9413e+10 6.4037e+10 5.539e+10 6.5e+10 6.8178e+10 6.4798e+10 6.5535e+10 7.172e+10 7.3044e+10 8.2889e+10
5.3705e-07 1.2901e+10 9.9537e+09 2.1626e+10 1.4338e+10 1.7022e+10 2.4315e+10 2.5497e+10 2.4967e+10 3.1744e+10 3.3234e+10 3.4497e+10 3.9666e+10 5.2591e+10 4.1705e+10 4.9696e+10 6.4464e+10 5.7782e+10 5.6402e+10 5.8616e+10 6.0426e+10 4.965e+10 5.5773e+10 6.0858e+10 5.2475e+10 4.7728e+10 6.0345e+10 5.887e+10 6.0613e+10 6.4521e+10 6.4326e+10 7.3805e+10 7.5867e+10
5.9105e-07 3.0254e+09 1.581e+10 1.6876e+10 1.3291e+10 1.4305e+10 2.2363e+10 2.2817e+10 2.6087e+10 2.9818e+10 3.3453e+10 3.3246e+10 4.3018e+10 4.63e+10 5.2179e+10 5.7001e+10 5.2157e+10 5.8062e+10 5.6799e+10 6.0637e+10 5.4693e+10 5.5468e+10 5.5066e+10 5.152e+10 5.6517e+10 5.1575e+10 5.7544e+10 5.7713e+10 5.8267e+10 6.42e+10 6.6996e+10 7.8502e+10 7.6945e+10
6.5065e-07 6.1435e+09 1.0651e+10 2.0286e+10 1.7757e+10 2.2954e+10 2.252e+10 2.4779e+10 2.0799e+10 3.1073e+10 3.9901e+10 3.324e+10 4.2633e+10 4.8706e+10 4.1276e+10 6.0346e+10 6.2535e+10 6.2121e+10 6.5183e+10 7.0471e+10 6.2371e+10 5.7567e+10 7.0138e+10 5.8978e+10 5.2119e+10 5.126e+10 5.1263e+10 5.0296e+10 5.8222e+10 5.8913e+10 6.7646e+10 7.3153e+10 7.8781e+10
7.1625e-07 7.4298e+09 1.1011e+10 2.0671e+10 1.4675e+10 1.754e+10 2.0145e+10 2.595e+10 2.2188e+10 2.7235e+10 4.0103e+10 3.2833e+10 4.2554e+10 5.3996e+10 5.1044e+10 5.5601e+10 6.3897e+10 5.9046e+10 6.858e+10 7.5314e+10 6.7104e+10 5.7243e+10 6.566e+10 5.8406e+10 5.559e+10 5.7253e+10 5.7198e+10 6.6381e+10 6.7395e+10 6.4986e+10 7.1995e+10 7.9532e+10 7.2625e+10
7.8825e-07 8.1255e+09 1.285e+10 1.1932e+10 1.938e+10 1.9002e+10 2.1236e+10 2.2691e+10 2.5493e+10 3.4413e+10 3.9647e+10 3.2875e+10 4.2532e+10 5.3456e+10 5.8872e+10 6.4671e+10 6.9293e+10 6.4774e+10 7.751e+10 7.5303e+10 6.4954e+10 5.9045e+10 6.9337e+10 5.7443e+10 5.9079e+10 5.2994e+10 5.1481e+10 5.1979e+10 5.9366e+10 6.4065e+10 6.273e+10 6.7469e+10 7.2837e+10
8.6745e-07 1.0016e+10 1.0497e+10 2.1045e+10 1.3649e+10 1.4343e+10 2.0273e+10 2.1051e+10 2.24e+10 2.9991e+10 3.4916e+10 3.2311e+10 4.9566e+10 5.035e+10 5.2555e+10 6.1195e+10 7.524e+10 6.5523e+10 7.5861e+10 8.4652e+10 6.3397e+10 5.0459e+10 5.8386e+10 5.9584e+10 4.6982e+10 5.8349e+10 4.9967e+10 5.7851e+10 6.3226e+10 6.1201e+10 6.1803e+10 7.229e+10 7.6434e+10
9.5465e-07 1.2145e+10 1.6678e+10 1.8829e+10 1.3144e+10 1.5711e+10 1.8581e+10 2.1881e+10 2.3374e+10 3.2212e+10 3.5168e+10 3.2992e+10 4.6925e+10 5.3282e+10 5.3892e+10 6.1098e+10 7.1701e+10 6.8677e+10 5.8684e+10 7.1203e+10 5.7295e+10 5.2713e+10 6.4065e+10 5.6047e+10 4.5637e+10 5.2046e+10 4.9227e+10 5.1349e+10 6.3495e+10 5.7738e+10 5.7583e+10 6.408e+10 7.137e+10
1.0506e-06 8.3066e+09 1.213e+10 1.7421e+10 9.4631e+09 1.5897e+10 1.972e+10 1.9282e+10 2.0823e+10 2.5934e+10 3.3131e+10 3.0795e+10 4.2587e+10 4.9875e+10 4.9725e+10 5.9835e+10 6.3569e+10 7.0328e+10 6.9615e+10 6.3003e+10 6.1921e+10 4.676e+10 6.1059e+10 5.0784e+10 4.6255e+10 5.234e+10 5.0681e+10 5.3125e+10 5.6176e+10 5.9371e+10 6.3578e+10 6.5375e+10 6.9988e+10
1.1566e-06 9.5369e+09 1.2778e+10 1.621e+10 1.6237e+10 1.8953e+10 1.8788e+10 2.369e+10 1.9874e+10 2.6134e+10 3.4816e+10 3.0096e+10 3.8755e+10 5.5688e+10 4.8162e+10 5.1724e+10 6.1975e+10 6.0105e+10 6.4915e+10 6.9768e+10 5.7238e+10 5.3638e+10 6.1032e+10 5.3259e+10 5.3513e+10 5.2782e+10 4.769e+10 5.8485e+10 5.7368e+10 5.8406e+10 6.6693e+10 6.4827e+10 7.2916e+10
1.273e-06 1.7602e+10 1.0847e+10 1.2394e+10 1.4623e+10 1.5936e+10 1.8486e+10 1.6754e+10 2.0925e+10 2.1137e+10 2.8094e+10 3.0837e+10 4.01e+10 4.4865e+10 4.3574e+10 4.961e+10 5.3449e+10 5.0703e+10 6.1767e+10 6.6256e+10 5.9547e+10 5.325e+10 5.6382e+10 5.0721e+10 4.9414e+10 5.2891e+10 5.8263e+10 5.1822e+10 6.0034e+10 6.1164e+10 6.3543e+10 6.7284e+10 7.805e+10
1.4011e-06 8.6264e+09 1.1814e+10 1.5287e+10 1.5566e+10 1.5759e+10 1.3128e+10 2.0578e+10 1.925e+10 2.3012e+10 2.5111e+10 2.7937e+10 3.6125e+10 4.2873e+10 4.5359e+10 4.8045e+10 5.2065e+10 4.7432e+10 5.6404e+10 6.4788e+10 5.6438e+10 5.2403e+10 5.4126e+10 5.6603e+10 5.0437e+10 5.2381e+10 5.4958e+10 5.8307e+10 6.0133e+10 6.6834e+10 6.8188e+10 7.2873e+10 7.6783e+10
1.5422e-06 7.7877e+09 1.0251e+10 1.1397e+10 9.91e+09 1.6582e+10 1.3351e+10 1.9846e+10 1.6721e+10 2.2824e+10 2.9803e+10 2.5884e+10 3.6107e+10 4.5152e+10 4.4056e+10 4.5985e+10 5.2393e+10 5.1969e+10 5.8717e+10 6.0026e+10 5.4004e+10 5.2012e+10 5.4076e+10 5.736e+10 4.8616e+10 5.7878e+10 5.6337e+10 6.0485e+10 6.1506e+10 6.4249e+10 7.3388e+10 7.6114e+10 8.034e+10
1.6975e-06 9.8711e+09 6.7216e+09 1.1288e+10 1.2667e+10 1.7292e+10 1.5912e+10 1.7974e+10 2.0266e+10 2.3861e+10 3.1694e+10 3.2635e+10 3.5449e+10 4.4247e+10 4.0247e+10 4.9143e+10 5.4287e+10 5.231e+10 6.0353e+10 6.1885e+10 5.5345e+10 5.5803e+10 5.7744e+10 6.0974e+10 5.8232e+10 6.0457e+10 6.0412e+10 6.6167e+10 6.6993e+10 7.1762e+10 7.9983e+10 8.2678e+10 8.5e+10
1.8683e-06 1.0358e+10 1.1386e+10 1.2453e+10 1.4923e+10 1.6806e+10 1.7263e+10 2.0973e+10 2.085e+10 2.5381e+10 2.8953e+10 3.0103e+10 3.9134e+10 4.3099e+10 4.2516e+10 4.8318e+10 5.8174e+10 5.0499e+10 5.8336e+10 6.1856e+10 5.8588e+10 6.143e+10 5.9644e+10 6.0018e+10 6.2083e+10 5.9107e+10 7.1188e+10 6.9819e+10 6.519e+10 7.7066e+10 8.1281e+10 8.5369e+10 8.5586e+10
2.0563e-06 7.9865e+09 1.0638e+10 1.3787e+10 1.3484e+10 1.7831e+10 1.8249e+10 2.0386e+10 2.5743e+10 2.3288e+10 2.7169e+10 3.1744e+10 3.9548e+10 4.3651e+10 4.3941e+10 4.6745e+10 5.5693e+10 5.1718e+10 6.0612e+10 7.001e+10 6.4703e+10 6.3027e+10 6.2933e+10 6.2067e+10 6.5821e+10 6.4721e+10 6.8318e+10 6.9358e+10 6.9569e+10 8.2631e+10 8.5619e+10 9.1535e+10 9.6797e+10
2.263e-06 8.2674e+09 1.1424e+10 1.521e+10 1.6487e+10 1.7308e+10 1.686e+10 2.0207e+10 2.0208e+10 2.5476e+10 2.8727e+10 3.4367e+10 4.0668e+10 4.2092e+10 4.2911e+10 4.6944e+10 5.4015e+10 5.0607e+10 5.9199e+10 6.8479e+10 6.4363e+10 6.5922e+10 6.4145e+10 6.9114e+10 6.1994e+10 6.4515e+10 7.1512e+10 7.3522e+10 7.809e+10 8.3266e+10 8.7469e+10 8.8746e+10 9.6487e+10
2.4911e-06 9.2465e+09 9.4672e+09 1.3205e+10 1.6017e+10 1.5995e+10 1.7495e+10 1.915e+10 2.1279e+10 2.6097e+10 2.8659e+10 3.3952e+10 3.7048e+10 4.5174e+10 4.0543e+10 4.878e+10 5.4546e+10 5.2627e+10 5.9353e+10 6.268e+10 6.473e+10 6.6433e+10 6.8705e+10 6.989e+10 6.7341e+10 7.204e+10 7.2644e+10 7.2616e+10 7.8415e+10 8.7532e+10 8.8523e+10 9.2251e+10 9.8284e+10
2.7418e-06 6.3025e+09 9.7946e+09 1.4617e+10 1.3221e+10 2.043e+10 1.8886e+10 1.938e+10 2.2159e+10 2.3228e+10 2.7382e+10 3.2296e+10 3.5391e+10 4.5363e+10 4.3536e+10 4.8147e+10 5.9465e+10 6.02e+10 6.3082e+10 6.2603e+10 6.0208e+10 6.3287e+10 6.6584e+10 6.8418e+10 6.581e+10 7.3539e+10 7.5151e+10 7.3641e+10 7.7327e+10 8.4141e+10 8.649e+10 9.1796e+10 9.961e+10
3.0178e-06 4.9592e+09 9.4872e+09 1.2496e+10 1.2011e+10 1.8953e+10 1.4144e+10 2.221e+10 2.2286e+10 2.545e+10 2.747e+10 3.2727e+10 3.8211e+10 4.295e+10 4.5224e+10 4.9983e+10 5.7262e+10 5.7967e+10 6.0724e+10 6.2377e+10 6.0359e+10 6.6408e+10 6.3258e+10 6.7746e+10 6.8087e+10 7.1797e+10 7.3714e+10 7.6142e+10 8.1494e+10 8.3213e+10 8.7995e+10 9.5736e+10 9.9293e+10
3.3219e-06 8.1166e+09 1.1187e+10 1.1319e+10 1.7364e+10 1.5163e+10 1.6071e+10 2.0618e+10 2.2389e+10 2.6578e+10 3.1211e+10 3.2676e+10 3.6548e+10 4.5058e+10 4.0815e+10 4.9823e+10 5.6717e+10 5.7829e+10 5.945e+10 6.0757e+10 5.6906e+10 6.965e+10 6.6385e+10 6.8795e+10 6.8275e+10 7.0448e+10 7.8224e+10 7.9862e+10 7.8812e+10 8.8826e+10 9.3609e+10 9.8863e+10 1.0204e+11
3.6562e-06 9.144e+09 1.0183e+10 1.3222e+10 1.3676e+10 1.7121e+10 1.7964e+10 2.3279e+10 2.2225e+10 2.3118e+10 2.891e+10 3.3768e+10 3.5556e+10 4.4291e+10 4.2862e+10 4.986e+10 5.4976e+10 5.707e+10 6.2055e+10 6.2519e+10 6.0441e+10 6.6786e+10 6.8354e+10 7.1601e+10 6.8957e+10 6.8745e+10 7.3524e+10 8.1075e+10 8.2607e+10 8.6957e+10 9.0078e+10 9.7547e+10 1.0186e+11
4.0243e-06 5.8601e+09 1.0143e+10 1.2103e+10 1.4966e+10 1.5595e+10 1.7707e+10 2.2198e+10 2.235e+10 2.6804e+10 2.9048e+10 3.3614e+10 3.7329e+10 4.305e+10 4.1722e+10 4.7358e+10 5.6435e+10 5.8922e+10 6.1822e+10 5.815e+10 5.9959e+10 6.8148e+10 6.9942e+10 6.8273e+10 6.9048e+10 7.4429e+10 7.5825e+10 7.99e+10 8.4242e+10 9.0437e+10 9.8194e+10 1.0581e+11 1.0569e+11
4.4294e-06 1.1077e+10 1.1814e+10 1.4436e+10 1.6443e+10 1.9962e+10 1.9714e+10 2.463e+10 2.5445e+10 2.9631e+10 3.2135e+10 3.5295e+10 3.9559e+10 4.1761e+10 4.7185e+10 5.3097e+10 6.5056e+10 6.7613e+10 6.4499e+10 6.3566e+10 6.4469e+10 6.9909e+10 7.1982e+10 7.822e+10 7.4644e+10 7.7428e+10 7.8461e+10 8.578e+10 8.9544e+10 1.0026e+11 1.018e+11 1.0793e+11 1.1164e+11
4.8754e-06 8.4473e+09 1.1599e+10 1.6585e+10 1.6761e+10 2.0753e+10 2.0715e+10 2.4724e+10 2.5963e+10 2.9569e+10 3.2825e+10 3.8605e+10 3.9385e+10 4.8819e+10 4.8029e+10 5.1955e+10 7.3423e+10 7.4646e+10 6.7e+10 6.9507e+10 6.9143e+10 7.5184e+10 7.8598e+10 7.9857e+10 7.9165e+10 7.9311e+10 8.7681e+10 9.1971e+10 9.2955e+10 1.0134e+11 1.0908e+11 1.1272e+11 1.1791e+11
5.3663e-06 1.0114e+10 1.4154e+10 1.7455e+10 1.7243e+10 2.2747e+10 2.386e+10 2.5906e+10 2.7775e+10 3.1271e+10 3.4479e+10 3.9324e+10 4.2311e+10 4.8891e+10 5.2175e+10 5.9182e+10 7.6698e+10 8.4794e+10 7.4413e+10 6.8602e+10 7.4178e+10 8.2091e+10 8.1267e+10 8.4205e+10 8.2372e+10 8.4261e+10 8.8075e+10 9.1601e+10 9.7684e+10 1.0336e+11 1.0944e+11 1.1797e+11 1.2085e+11
5.9066e-06 1.0679e+10 1.5812e+10 1.7009e+10 2.1426e+10 2.3801e+10 2.5178e+10 2.7804e+10 3.0306e+10 3.529e+10 3.9347e+10 4.2481e+10 4.6899e+10 5.5327e+10 5.5832e+10 6.3869e+10 8.749e+10 9.6436e+10 8.1868e+10 7.862e+10 8.3158e+10 8.845e+10 8.9744e+10 9.0097e+10 8.9573e+10 8.9508e+10 9.5657e+10 1.0107e+11 1.0413e+11 1.1035e+11 1.1483e+11 1.2544e+11 1.3211e+11
6.5015e-06 1.2613e+10 1.5284e+10 1.8914e+10 2.0556e+10 2.7247e+10 2.6195e+10 3.1119e+10 3.1945e+10 3.6214e+10 4.0148e+10 4.5018e+10 5.0613e+10 5.6942e+10 5.5133e+10 6.7827e+10 8.9554e+10 9.6804e+10 8.801e+10 8.3946e+10 8.5112e+10 9.4663e+10 9.0142e+10 9.4876e+10 9.2982e+10 9.7994e+10 9.9987e+10 1.0289e+11 1.0864e+11 1.1428e+11 1.2446e+11 1.3187e+11 1.3959e+11
7.1562e-06 9.0879e+09 1.5177e+10 1.6843e+10 1.9894e+10 2.2215e+10 2.4561e+10 2.845e+10 3.039e+10 3.5624e+10 3.926e+10 4.4388e+10 4.6966e+10 5.5483e+10 5.7359e+10 6.5657e+10 8.8757e+10 8.9247e+10 8.0462e+10 8.2352e+10 8.3898e+10 9.3613e+10 9.1782e+10 9.0393e+10 9.2427e+10 9.4393e+10 9.895e+10 1.0686e+11 1.0983e+11 1.1544e+11 1.2234e+11 1.3606e+11 1.3915e+11
7.877e-06 1.08e+10 1.0242e+10 1.4884e+10 1.5413e+10 1.9654e+10 2.0666e+10 2.4138e+10 2.4629e+10 2.9866e+10 3.3147e+10 3.9098e+10 4.1824e+10 4.7663e+10 4.8515e+10 5.6188e+10 7.5492e+10 7.5572e+10 7.2012e+10 7.1479e+10 7.3365e+10 7.9433e+10 7.9201e+10 8.1779e+10 8.1415e+10 8.6494e+10 8.8557e+10 9.5054e+10 9.865e+10 1.0591e+11 1.1288e+11 1.2077e+11 1.2634e+11
8.6703e-06 5.9831e+09 8.5878e+09 1.1416e+10 1.3811e+10 1.5983e+10 1.93e+10 2.0515e+10 2.2361e+10 2.6039e+10 2.755e+10 3.1699e+10 3.5674e+10 4.2666e+10 3.8649e+10 4.4145e+10 6.197e+10 6.5695e+10 6.0626e+10 5.8469e+10 6.0672e+10 6.5155e+10 6.5997e+10 7.0672e+10 6.9599e+10 7.2284e+10 7.5463e+10 8.2587e+10 8.6081e+10 9.2964e+10 9.7818e+10 1.0529e+11 1.1028e+11
9.5431e-06 6.1358e+09 1.0752e+10 1.0201e+10 1.4109e+10 1.611e+10 1.7768e+10 1.987e+10 2.1976e+10 2.4315e+10 2.7154e+10 3.0288e+10 3.367e+10 3.7693e+10 3.8441e+10 4.3822e+10 5.9474e+10 6.0365e+10 5.1928e+10 5.3638e+10 5.5498e+10 6.1003e+10 6.1176e+10 6.361e+10 6.5195e+10 6.623e+10 7.024e+10 7.5093e+10 8.0574e+10 8.5899e+10 9.2394e+10 9.8909e+10 1.0514e+11
1.0504e-05 8.1975e+09 9.0432e+09 1.2696e+10 1.4447e+10 1.6697e+10 1.9036e+10 1.9699e+10 2.2759e+10 2.6219e+10 2.7425e+10 3.2113e+10 3.3227e+10 3.6718e+10 3.7343e+10 4.1573e+10 6.0218e+10 5.762e+10 5.4296e+10 5.2833e+10 5.4267e+10 6.0007e+10 6.0943e+10 6.5291e+10 6.4593e+10 6.557e+10 6.9551e+10 7.4309e+10 7.7397e+10 8.5146e+10 9.1418e+10 9.5782e+10 9.9368e+10
1.1561e-05 7.2093e+09 9.9912e+09 1.3719e+10 1.4714e+10 1.635e+10 1.783e+10 2.1208e+10 2.3082e+10 2.4514e+10 2.6959e+10 3.1421e+10 3.2766e+10 3.6414e+10 3.8107e+10 4.0782e+10 6.4934e+10 5.4083e+10 4.902e+10 5.2824e+10 5.2962e+10 5.6723e+10 5.6719e+10 6.0359e+10 6.2739e+10 6.6206e+10 6.6232e+10 7.1131e+10 7.5997e+10 8.1744e+10 8.4903e+10 9.2702e+10 9.6358e+10
1.2725e-05 7.0969e+09 7.6799e+09 9.8564e+09 1.0656e+10 1.2721e+10 1.2394e+10 1.4961e+10 1.6714e+10 1.7719e+10 1.9259e+10 2.2702e+10 2.2831e+10 2.683e+10 2.943e+10 3.196e+10 4.814e+10 4.0053e+10 3.7513e+10 3.818e+10 3.8828e+10 4.3297e+10 4.3666e+10 4.683e+10 4.7544e+10 5.1505e+10 5.1923e+10 5.6219e+10 6.0376e+10 6.4211e+10 6.6203e+10 7.2297e+10 7.4565e+10
1.4007e-05 3.1782e+09 3.5915e+09 3.3242e+09 5.0571e+09 5.5943e+09 5.9615e+09 7.0096e+09 7.5762e+09 9.39e+09 1.0578e+10 1.1467e+10 1.2765e+10 1.4333e+10 1.411e+10 1.5807e+10 2.2221e+10 2.0092e+10 1.9654e+10 2.1334e+10 2.0887e+10 2.4163e+10 2.4538e+10 2.7276e+10 2.7505e+10 2.9383e+10 2.9532e+10 3.4222e+10 3.5882e+10 3.8999e+10 4.0044e+10 4.3425e+10 4.6905e+10
1.5417e-05 1.1466e+09 1.5628e+09 2.3846e+09 2.5851e+09 3.1423e+09 3.3625e+09 4.3308e+09 4.4144e+09 5.2511e+09 6.5581e+09 7.7979e+09 8.2478e+09 9.964e+09 9.0891e+09 9.7622e+09 1.1789e+10 1.1158e+10 1.5026e+10 1.471e+10 1.3938e+10 1.6279e+10 1.6974e+10 1.8024e+10 1.8991e+10 2.0055e+10 2.0663e+10 2.2752e+10 2.4851e+10 2.6846e+10 2.8141e+10 3.06e+10 3.2502e+10
1.697e-05 9.0343e+08 9.358e+08 1.0491e+09 2.0648e+09 2.4018e+09 2.2928e+09 3.6093e+09 3.2645e+09 3.6974e+09 4.8977e+09 5.9346e+09 5.9829e+09 7.4452e+09 7.1729e+09 7.1426e+09 8.6404e+09 8.3666e+09 1.0181e+10 1.1075e+10 1.0486e+10 1.2346e+10 1.2452e+10 1.359e+10 1.417e+10 1.4823e+10 1.5839e+10 1.8193e+10 1.9033e+10 2.0431e+10 2.136e+10 2.3822e+10 2.4939e+10
1.8679e-05 5.9382e+08 1.1383e+09 1.5756e+09 2.1402e+09 2.2862e+09 2.7094e+09 3.2402e+09 3.7114e+09 3.9471e+09 4.8172e+09 6.0029e+09 6.4041e+09 7.3899e+09 6.0693e+09 7.8183e+09 8.4705e+09 8.3424e+09 1.0551e+10 1.1442e+10 1.0246e+10 1.1458e+10 1.1956e+10 1.3611e+10 1.4166e+10 1.4253e+10 1.4981e+10 1.6491e+10 1.8529e+10 1.9869e+10 2.0529e+10 2.1764e+10 2.3818e+10
2.0559e-05 8.0509e+08 1.7911e+09 1.4154e+09 1.947e+09 2.2542e+09 2.645e+09 3.0531e+09 2.983e+09 2.9714e+09 3.9932e+09 4.893e+09 4.9271e+09 5.5102e+09 5.6142e+09 5.994e+09 6.863e+09 6.6664e+09 8.1078e+09 8.4592e+09 8.5257e+09 9.4062e+09 9.2974e+09 1.0165e+10 1.0822e+10 1.1439e+10 1.2659e+10 1.3294e+10 1.5268e+10 1.6017e+10 1.5193e+10 1.6779e+10 1.9128e+10
2.2629e-05 4.984e+08 6.3558e+08 9.605e+08 1.5364e+09 1.2482e+09 1.6251e+09 2.2457e+09 2.047e+09 2.0549e+09 2.6514e+09 3.0151e+09 3.36e+09 4.2431e+09 3.5831e+09 3.66e+09 4.552e+09 4.7576e+09 5.7556e+09 5.1412e+09 5.8457e+09 6.1535e+09 6.2493e+09 7.0517e+09 7.2641e+09 8.1567e+09 8.7553e+09 9.4631e+09 1.0667e+10 1.0403e+10 1.1721e+10 1.2105e+10 1.4909e+10
2.4908e-05 6.4859e+08 9.4167e+08 7.5739e+08 9.9266e+08 1.1002e+09 1.15e+09 1.3574e+09 1.2437e+09 1.4805e+09 2.1192e+09 1.9405e+09 2.2957e+09 2.7152e+09 2.741e+09 2.6205e+09 2.8802e+09 3.4527e+09 3.9596e+09 4.276e+09 4.0582e+09 4.4503e+09 4.2887e+09 5.1122e+09 5.5916e+09 6.3241e+09 6.5886e+09 6.9922e+09 7.812e+09 7.9324e+09 8.5979e+09 9.1214e+09 1.1313e+10
2.7416e-05 7.6317e+08 4.5901e+08 5.721e+08 5.1791e+08 7.7637e+08 7.2887e+08 1.2985e+09 1.0011e+09 1.0359e+09 1.4776e+09 1.6103e+09 1.5778e+09 2.2905e+09 2.211e+09 2.2224e+09 2.4297e+09 2.8367e+09 2.9567e+09 3.3088e+09 3.0692e+09 3.2529e+09 3.5256e+09 3.9246e+09 4.6382e+09 4.7017e+09 5.0904e+09 5.4806e+09 6.501e+09 6.3976e+09 7.5706e+09 7.7638e+09 9.4924e+09
3.0177e-05 2.3524e+08 3.7457e+08 6.132e+08 4.6317e+08 7.7413e+08 6.3273e+08 8.0688e+08 8.1222e+08 5.6367e+08 1.0441e+09 1.0083e+09 9.4938e+08 1.6651e+09 1.3072e+09 1.5068e+09 1.688e+09 1.9677e+09 2.0991e+09 2.5563e+09 2.5801e+09 2.5127e+09 2.6953e+09 2.69e+09 3.7922e+09 3.4649e+09 4.16e+09 4.6911e+09 4.8399e+09 5.1051e+09 5.5286e+09 5.939e+09 7.75e+09
3.3215e-05 -5.0978e+07 1.0061e+08 2.207e+08 6.2223e+08 4.426e+08 5.3467e+08 4.9354e+08 5.0408e+08 2.7778e+08 6.6311e+08 8.8206e+08 8.7203e+08 1.2883e+09 1.106e+09 1.1928e+09 1.0077e+09 1.5513e+09 1.313e+09 1.5521e+09 1.758e+09 1.7845e+09 1.8548e+09 1.9152e+09 2.6762e+09 2.7951e+09 3.0968e+09 3.6528e+09 4.0307e+09 4.1881e+09 4.2041e+09 4.7589e+09 6.1144e+09
3.656e-05 -3.9639e+08 1.8616e+08 2.8336e+08 5.222e+08 5.8825e+08 3.8273e+08 3.8294e+08 5.4944e+08 2.6688e+08 7.6396e+08 7.0463e+08 8.5026e+08 8.5525e+08 8.8305e+08 7.499e+08 1.1875e+09 1.1188e+09 1.3642e+09 1.4833e+09 1.6723e+09 1.6971e+09 1.7154e+09 1.9845e+09 2.3408e+09 2.2092e+09 2.7923e+09 3.0172e+09 3.284e+09 3.233e+09 3.9865e+09 4.2694e+09 5.3792e+09
4.0241e-05 -3.854e+07 1.3727e+08 5.0356e+06 1.8596e+08 3.677e+08 3.8759e+08 3.9532e+08 3.4783e+08 2.4676e+08 5.1463e+08 4.2097e+08 5.0919e+08 7.7966e+08 6.4556e+08 4.9497e+08 5.9677e+08 8.1627e+08 1.0392e+09 1.1292e+09 1.2542e+09 1.2439e+09 1.3739e+09 1.4174e+09 1.8597e+09 1.7586e+09 1.9171e+09 2.2798e+09 2.5022e+09 2.4962e+09 2.9629e+09 3.2565e+09 4.0134e+09
4.4293e-05 1.357e+08 1.4408e+08 -9.9323e+06 3.0839e+08 1.2322e+08 2.367e+08 2.8147e+08 1.3663e+08 1.2053e+08 3.6921e+08 3.5776e+08 2.8669e+08 4.2409e+08 4.1948e+08 3.5455e+08 5.0239e+08 5.0852e+08 6.9264e+08 6.9216e+08 8.3943e+08 8.7451e+08 7.3001e+08 1.0132e+09 1.2415e+09 1.144e+09 1.3786e+09 1.8066e+09 1.959e+09 1.888e+09 2.2791e+09 2.4331e+09 2.9664e+09
4.8753e-05 1.7929e+08 -1.3327e+08 6.9872e+06 2.089e+08 3.317e+07 3.5815e+07 2.1979e+08 1.002e+08 1.4202e+08 2.1379e+08 2.8358e+08 1.6826e+08 3.2792e+08 3.3922e+08 1.8508e+08 3.1401e+08 3.6217e+08 5.6162e+08 5.323e+08 5.3662e+08 6.2847e+08 4.8846e+08 7.0319e+08 8.913e+08 7.0503e+08 8.2857e+08 1.2524e+09 1.2889e+09 1.3048e+09 1.5311e+09 1.781e+09 2.3703e+09
5.3662e-05 9.0697e+07 -2.9972e+07 1.1673e+08 9.5729e+07 1.3868e+07 2.3304e+06 6.2973e+07 7.2263e+07 -3.1228e+07 2.3802e+08 6.3961e+07 1.113e+08 2.7629e+08 2.666e+08 1.1851e+08 1.7655e+08 2.4981e+08 4.9495e+08 3.7897e+08 4.155e+08 4.6693e+08 3.7166e+08 3.5436e+08 6.7155e+08 5.4434e+08 6.4035e+08 7.5268e+08 9.6977e+08 9.4169e+08 1.2458e+09 1.316e+09 1.7026e+09
5.9066e-05 2.2716e+08 -1.8114e+08 4.2454e+07 -3.7726e+07 9.5708e+07 1.5441e+08 9.9245e+07 1.8515e+08 -1.1999e+08 1.7633e+08 -8.0011e+06 7.0561e+07 2.482e+08 1.5531e+08 4.1391e+07 1.1309e+08 2.0299e+08 2.6733e+08 8.278e+07 2.6241e+08 2.0665e+08 1.8373e+08 3.4652e+08 5.6271e+08 3.3705e+08 5.664e+08 4.5979e+08 7.9468e+08 6.2003e+08 8.7494e+08 8.7861e+08 1.2254e+09
6.5013e-05 2.5933e+08 -3.5244e+08 1.9226e+07 -4.4735e+07 1.2254e+08 1.5401e+08 7.6637e+07 5.9931e+07 9.137e+06 5.2598e+07 -3.0312e+07 3.1961e+07 1.4517e+08 8.5249e+07 6.4782e+06 -4.0769e+06 2.4383e+08 1.5289e+08 1.4153e+08 2.2916e+08 2.2999e+08 1.4789e+08 2.9867e+08 4.904e+08 2.0949e+08 3.4118e+08 3.7787e+08 4.9343e+08 5.4776e+08 6.574e+08 7.1408e+08 9.8391e+08
7.156e-05 1.5998e+08 -3.7336e+08 -8.4317e+07 2.0455e+07 3.8481e+07 -7.382e+07 -5.3262e+07 5.5772e+06 -7.8914e+05 1.4827e+08 -7.4108e+05 1.1211e+08 2.396e+08 1.4173e+08 2.1801e+07 8.7166e+06 1.382e+08 2.0299e+08 1.4094e+08 1.8713e+08 6.1253e+07 1.4567e+08 2.3219e+08 4.2276e+08 1.1513e+08 2.0201e+08 2.448e+08 4.7857e+08 4.004e+08 5.5845e+08 5.9278e+08 8.0049e+08
7.8765e-05 1.5627e+08 -1.0107e+08 -7.802e+07 -1.0105e+08 2.3314e+08 4.387e+07 -7.1879e+07 2.8626e+07 -1.1419e+07 9.0364e+07 3.0975e+06 6.9565e+07 1.1e+08 3.769e+07 -4.8281e+07 6.6244e+06 3.5271e+07 1.9895e+08 6.9696e+07 2.2564e+08 7.6998e+07 -9.1661e+05 2.0832e+08 2.3272e+08 6.4848e+07 1.5846e+08 2.1111e+08 3.4978e+08 4.3621e+08 2.8969e+08 3.8416e+08 6.2328e+08
8.6697e-05 1.5201e+07 5.8387e+07 -2.8873e+08 -1.083e+08 3.3387e+08 1.948e+07 -7.9586e+07 6.309e+07 1.9898e+07 6.0915e+07 -1.1439e+07 -1.1746e+07 1.2101e+08 -5.2702e+06 5.8707e+05 -8.4632e+06 4.2723e+07 2.3338e+08 1.0455e+08 2.1441e+08 3.5959e+07 6.8171e+07 1.6774e+08 2.9977e+08 8.3477e+07 1.5592e+08 2.1615e+08 2.6737e+08 2.3084e+08 2.3521e+08 3.5239e+08 4.7595e+08
9.5426e-05 2.4628e+08 3.9822e+07 -2.0936e+08 -1.6905e+06 1.9749e+08 9.5168e+07 6.3701e+07 -4.6523e+07 -5.8916e+06 3.7087e+07 4.7447e+07 8.2223e+07 5.4066e+07 -1.0218e+06 -2.6056e+07 -4.2721e+07 -2.6306e+07 1.935e+08 -2.0599e+07 1.456e+08 4.3101e+07 1.3184e+07 1.2731e+08 2.2805e+08 -3.802e+07 1.432e+08 2.9015e+08 1.6975e+08 1.674e+08 1.6829e+08 2.5229e+08 4.3804e+08
0.00010504 2.2071e+08 -6.0149e+07 -5.6549e+07 -1.838e+08 4.112e+08 1.7567e+08 -1.0863e+06 -8.5548e+06 -8.8605e+07 1.1513e+08 -4.0835e+07 5.6834e+07 -2.7453e+07 -7.9962e+07 1.884e+07 -1.1454e+08 -4.1371e+07 2.1135e+08 2.9022e+07 6.34e+07 2.8009e+07 -2.0266e+07 9.7709e+07 1.417e+08 -8.5023e+07 8.6758e+07 2.1805e+08 7.879e+07 3.9238e+07 1.3545e+08 1.162e+08 3.3487e+08
0.00011561 5.2853e+08 -1.6656e+08 -2.3466e+08 -9.2848e+07 3.0012e+08 5.2726e+07 1.1529e+07 1.3058e+07 -9.8348e+07 3.3453e+07 2.5119e+07 1.9366e+07 -7.8703e+07 -5.279e+07 -3.8679e+07 -1.2598e+08 -1.0613e+07 1.9129e+08 2.8573e+07 7.0957e+07 6.1366e+07 -6.1308e+06 4.9801e+07 1.4237e+08 -1.4198e+08 2.4704e+07 1.8292e+08 1.1843e+08 -1.8134e+07 3.6125e+07 8.9647e+07 1.8231e+08
0.00012725 3.8372e+08 -2.564e+08 -1.9226e+08 -2.337e+08 2.4491e+08 1.0915e+08 -8.7469e+07 5.7538e+07 -4.6185e+07 8.536e+07 -1.0025e+08 -3.9531e+07 3.9759e+07 -7.8321e+07 -1.0639e+08 -8.6777e+07 4.4034e+07 1.8542e+08 2.4815e+07 9.7543e+07 7.1713e+07 3.6329e+07 -3.1043e+07 1.3833e+08 -6.8817e+07 3.1933e+07 1.1572e+08 -4.0877e+06 2.5754e+07 9.2342e+07 -1.876e+07 1.8099e+08
0.00014007 3.9098e+08 -3.5943e+08 -1.6804e+08 -2.1253e+07 2.8265e+08 3.6939e+07 -2.4587e+07 2.4125e+06 -1.2235e+08 1.0448e+07 -1.1329e+08 -1.6005e+07 1.4461e+08 -6.3113e+07 -2.0503e+07 -9.0127e+07 6.2983e+07 2.339e+08 -8.2171e+07 1.3894e+08 3.4292e+07 4.1874e+07 7.5162e+06 1.1746e+08 -1.8232e+08 5.7116e+07 4.0518e+07 2.2208e+06 9.7089e+07 5.0952e+07 -4.8145e+07 1.987e+08
0.00015417 2.2538e+08 -3.0092e+08 -1.5315e+08 -2.2617e+08 3.3602e+08 1.922e+07 7.9781e+07 -1.5006e+07 -8.6433e+07 1.6766e+07 -5.7484e+07 9.2744e+07 1.223e+08 -1.4186e+08 -2.9177e+07 -3.7582e+07 1.9299e+07 1.7498e+08 -9.0355e+07 9.6118e+07 -4.3977e+06 7.8547e+06 5.2461e+07 1.1784e+08 -1.5396e+08 2.7737e+07 1.4811e+07 -1.5981e+07 5.0278e+07 8.1616e+07 -5.2313e+07 1.2079e+08
0.00016969 3.3322e+08 -9.7263e+07 9.6803e+05 -3.7635e+07 2.8841e+08 -1.0499e+08 1.4698e+08 -6.9943e+05 -2.2567e+08 4.3473e+06 -1.3121e+08 1.4221e+08 9.7943e+07 -1.0612e+08 -1.0556e+08 -1.5761e+07 -3.2813e+07 1.7881e+08 -7.635e+07 1.6098e+08 4.1813e+07 2.1514e+07 2.1753e+07 1.7516e+08 -2.7892e+07 -8.299e+06 -1.9054e+07 -1.6188e+07 -5.1086e+06 9.9474e+07 6.1764e+07 6.2638e+07
