1.2885e-09 7.1277e+10 1.0449e+11 4.4112e+10 4.9591e+10 7.0418e+10 4.7321e+10 6.8408e+10 7.4453e+10 9.5598e+10 8.9796e+10 4.7765e+10 5.3019e+10 1.1087e+11 2.7461e+10 4.974e+10 8.2469e+10 9.5208e+10 5.0537e+10 4.6152e+10 4.4455e+10 5.4063e+10 4.0767e+10 6.7952e+10 4.7429e+10 8.0834e+10 5.4441e+10 3.9509e+10 6.5599e+10 4.4426e+10 3.9182e+10 2.5683e+10 2.8152e+10
2.0885e-09 4.1389e+10 1.0449e+11 1.9229e+10 6.8117e+10 9.7246e+10 6.1608e+10 8.8659e+10 6.9431e+10 9.4467e+10 1.1648e+11 5.529e+10 9.1948e+10 8.1862e+10 4.5745e+10 4.4351e+10 8.407e+10 9.7968e+10 5.8692e+10 5.0738e+10 4.3578e+10 5.6656e+10 3.3378e+10 5.7557e+10 4.9899e+10 7.1649e+10 5.2105e+10 5.042e+10 6.6435e+10 5.1888e+10 5.8891e+10 4.2158e+10 3.0137e+10
2.8885e-09 1.3404e+11 9.2564e+10 2.3753e+10 7.2234e+10 1.0898e+11 7.5895e+10 1.241e+11 5.9388e+10 1.2501e+11 1.058e+11 7.4639e+10 1.0668e+11 1.1555e+11 5.9874e+10 7.0522e+10 1.2089e+11 7.9563e+10 7.2964e+10 1.067e+11 6.2875e+10 1.0507e+11 6.0472e+10 8.5277e+10 7.9538e+10 5.5574e+10 6.6124e+10 6.9266e+10 6.2257e+10 6.5154e+10 5.2893e+10 5.7664e+10 6.19e+10
3.6885e-09 1.0714e+11 8.5411e+10 6.4471e+10 8.2526e+10 1.3246e+11 8.109e+10 1.2663e+11 5.8133e+10 1.2501e+11 1.3675e+11 8.8613e+10 1.3614e+11 1.1649e+11 6.403e+10 1.0131e+11 2.0172e+11 5.8396e+10 8.9275e+10 1.1862e+11 9.1819e+10 1.1025e+11 1.0809e+11 1.4418e+11 7.4598e+10 7.2414e+10 5.5999e+10 6.8274e+10 8.8998e+10 7.2616e+10 7.2601e+10 6.4448e+10 6.9841e+10
4.4885e-09 8.3232e+10 6.6337e+10 9.3878e+10 5.7825e+10 1.2743e+11 1.3824e+11 1.8738e+11 1.1839e+11 1.6008e+11 1.3142e+11 9.7212e+10 1.6875e+11 1.2865e+11 6.1537e+10 1.2363e+11 1.9772e+11 6.1157e+10 1.5248e+11 1.1954e+11 1.7164e+11 1.3359e+11 1.3436e+11 1.719e+11 1.0341e+11 1.1758e+11 7.0018e+10 1.0795e+11 8.8998e+10 8.754e+10 8.0313e+10 6.0571e+10 6.0907e+10
5.2885e-09 4.4378e+10 3.534e+10 8.7092e+10 4.9591e+10 1.3749e+11 1.798e+11 1.6966e+11 1.6986e+11 1.9402e+11 1.5169e+11 1.2409e+11 1.9821e+11 1.7638e+11 8.4808e+10 1.6366e+11 1.8331e+11 1.1361e+11 1.6471e+11 1.1679e+11 2.2251e+11 1.4137e+11 1.4093e+11 1.5371e+11 1.0835e+11 1.3365e+11 6.6124e+10 1.2481e+11 7.897e+10 1.091e+11 1.0002e+11 8.8676e+10 7.0833e+10
6.0885e-09 3.2422e+10 2.3418e+10 1.2781e+11 5.7825e+10 1.3413e+11 1.6551e+11 1.9751e+11 1.8241e+11 1.7592e+11 2.1999e+11 1.3914e+11 2.2557e+11 2.7277e+11 1.0559e+11 2.1369e+11 1.8171e+11 1.3754e+11 2.1263e+11 2.0944e+11 1.997e+11 1.4915e+11 1.6392e+11 1.641e+11 1.1659e+11 1.4513e+11 6.4566e+10 1.5159e+11 7.897e+10 1.1076e+11 9.7451e+10 8.4799e+10 1.1748e+11
6.8885e-09 2.3456e+10 8.5411e+10 1.7531e+11 4.3416e+10 1.9617e+11 1.785e+11 2.2788e+11 1.6484e+11 1.533e+11 2.2426e+11 2.0901e+11 2.2557e+11 2.7277e+11 1.0974e+11 2.0523e+11 2.0412e+11 1.3938e+11 1.8714e+11 2.0944e+11 1.5936e+11 2.0448e+11 1.7459e+11 1.9182e+11 1.24e+11 1.5968e+11 7.9365e+10 1.8333e+11 8.4819e+10 1.5138e+11 1.0773e+11 1.0903e+11 1.0756e+11
7.6885e-09 2.6445e+10 9.4949e+10 1.3007e+11 4.3416e+10 1.7438e+11 1.798e+11 1.8485e+11 1.1337e+11 1.318e+11 1.8904e+11 2.1331e+11 2.0453e+11 2.0071e+11 9.3119e+10 1.4057e+11 1.9292e+11 1.1637e+11 1.3821e+11 1.6357e+11 1.2866e+11 1.7249e+11 1.59e+11 1.6757e+11 1.1741e+11 1.4054e+11 7.7807e+10 1.6449e+11 6.9778e+10 1.1324e+11 7.5172e+10 9.3521e+10 7.7781e+10
8.4885e-09 2.6445e+10 7.8258e+10 7.352e+10 3.3123e+10 1.0563e+11 1.5512e+11 1.3549e+11 7.5708e+10 1.1031e+11 1.3035e+11 1.5741e+11 1.3509e+11 1.193e+11 6.9848e+10 1.0208e+11 1.7371e+11 1.1914e+11 9.4372e+10 1.0853e+11 9.4451e+10 9.5557e+10 1.2205e+11 1.2599e+11 9.0241e+10 9.3847e+10 6.223e+10 1.2977e+11 4.8051e+10 8.0907e+10 5.0322e+10 6.7355e+10 6.587e+10
9.2885e-09 9.2198e+10 5.203e+10 1.0293e+11 3.9299e+10 6.2035e+10 8.6285e+10 1.1524e+11 7.3198e+10 1.0578e+11 1.026e+11 1.0904e+11 8.7739e+10 8.2798e+10 6.2368e+10 7.4371e+10 1.3129e+11 9.5208e+10 8.4178e+10 1.0394e+11 7.8663e+10 6.0978e+10 9.1671e+10 9.3939e+10 8.2832e+10 6.8587e+10 5.522e+10 1.1489e+11 4.4708e+10 7.0958e+10 5.0322e+10 4.8942e+10 6.587e+10
1.0888e-08 2.8437e+10 6.8721e+10 7.8798e+10 4.4788e+10 6.3711e+10 6.5937e+10 6.2502e+10 4.3906e+10 8.617e+10 7.9124e+10 6.7831e+10 7.336e+10 6.9072e+10 5.5996e+10 4.5891e+10 7.0998e+10 4.6432e+10 5.5973e+10 1.0425e+11 5.7027e+10 3.0722e+10 5.3904e+10 6.16e+10 4.0294e+10 4.1796e+10 3.4451e+10 6.0339e+10 2.2145e+10 4.4979e+10 4.4895e+10 2.7945e+10 3.9732e+10
1.2088e-08 5.0355e+10 4.8454e+10 7.2389e+10 4.7533e+10 4.4429e+10 5.6412e+10 6.208e+10 4.4952e+10 6.8446e+10 7.6456e+10 4.7765e+10 3.8289e+10 3.4134e+10 4.4499e+10 4.0503e+10 5.7258e+10 4.8273e+10 5.8692e+10 8.1928e+10 4.0947e+10 2.9425e+10 3.7483e+10 4.7162e+10 2.6846e+10 2.1128e+10 2.8349e+10 4.0005e+10 2.507e+10 3.116e+10 3.1899e+10 2.5199e+10 2.7656e+10
1.3288e-08 1.2009e+11 3.3751e+10 5.7685e+10 5.9883e+10 4.918e+10 5.4248e+10 7.2627e+10 3.8884e+10 4.6951e+10 4.8888e+10 4.0599e+10 3.0223e+10 4.1621e+10 4.2144e+10 3.5115e+10 6.2727e+10 4.7353e+10 6.175e+10 7.1837e+10 2.9252e+10 2.323e+10 3.9946e+10 4.5141e+10 2.9591e+10 1.9342e+10 3.1595e+10 3.6203e+10 2.7995e+10 3.7516e+10 3.4898e+10 1.9223e+10 1.955e+10
1.4488e-08 1.0864e+11 4.1301e+10 3.6195e+10 6.8117e+10 5.5328e+10 5.7711e+10 7.9167e+10 4.0558e+10 3.3374e+10 3.3769e+10 5.1527e+10 2.9346e+10 5.987e+10 3.9512e+10 4.2042e+10 8.0068e+10 4.5052e+10 6.9906e+10 6.6333e+10 3.4807e+10 1.9052e+10 4.0357e+10 4.2398e+10 2.1907e+10 2.5338e+10 3.3801e+10 2.2647e+10 2.2563e+10 4.1938e+10 3.5326e+10 1.9384e+10 2.0708e+10
1.5688e-08 8.0243e+10 4.0109e+10 4.4866e+10 7.0862e+10 4.918e+10 1.062e+11 7.9377e+10 4.5579e+10 2.998e+10 3.0746e+10 5.0632e+10 4.39e+10 7.5935e+10 3.7711e+10 5.0509e+10 7.0464e+10 4.2751e+10 5.2915e+10 5.93e+10 4.504e+10 3.7926e+10 2.8999e+10 3.5613e+10 1.5869e+10 4.0265e+10 2.6402e+10 3.0251e+10 2.2702e+10 3.2542e+10 3.9182e+10 1.8577e+10 2.4182e+10
1.7288e-08 7.2273e+10 5.521e+10 4.2604e+10 5.9883e+10 5.3651e+10 1.2741e+11 6.4611e+10 4.3487e+10 2.998e+10 3.0746e+10 4.0241e+10 6.4242e+10 9.4964e+10 3.0508e+10 5.3588e+10 6.7529e+10 4.4285e+10 3.4226e+10 4.6457e+10 3.2468e+10 5.291e+10 2.4073e+10 2.9838e+10 1.7516e+10 4.8685e+10 2.0171e+10 4.0831e+10 2.883e+10 2.2869e+10 2.6043e+10 2.4391e+10 1.7234e+10
1.8888e-08 8.6221e+10 4.5672e+10 5.8439e+10 6.5372e+10 8.8863e+10 9.1913e+10 4.0141e+10 4.2232e+10 3.4506e+10 4.9243e+10 5.2423e+10 5.372e+10 6.7513e+10 2.192e+10 4.2555e+10 5.7125e+10 4.9193e+10 3.3206e+10 3.8507e+10 2.6328e+10 3.418e+10 3.0915e+10 3.9944e+10 2.273e+10 3.3886e+10 1.7835e+10 4.3807e+10 2.6323e+10 2.8396e+10 1.1191e+10 2.2776e+10 1.4256e+10
2.0888e-08 7.5013e+10 4.1301e+10 4.5809e+10 4.1357e+10 9.2635e+10 4.7321e+10 4.2145e+10 4.2441e+10 2.8566e+10 5.3245e+10 3.9166e+10 4.0919e+10 4.864e+10 3.4941e+10 4.7623e+10 6.066e+10 4.4592e+10 3.3461e+10 5.005e+10 2.9325e+10 2.7697e+10 3.6046e+10 3.6984e+10 2.4994e+10 3.0696e+10 2.0756e+10 4.8684e+10 2.6532e+10 3.6964e+10 1.8403e+10 2.8833e+10 1.7482e+10
2.3288e-08 6.9782e+10 2.3418e+10 3.3367e+10 4.7018e+10 6.7484e+10 6.2582e+10 4.1829e+10 3.1457e+10 4.6102e+10 5.4846e+10 2.6535e+10 3.9078e+10 3.2263e+10 4.9278e+10 5.0317e+10 4.2252e+10 7.151e+10 3.7029e+10 5.005e+10 2.8229e+10 3.4612e+10 3.7278e+10 2.8971e+10 2.4377e+10 2.3616e+10 2.2119e+10 3.2566e+10 4.0321e+10 3.3233e+10 3.297e+10 2.9802e+10 2.0708e+10
2.5688e-08 4.7366e+10 2.7591e+10 2.4319e+10 5.5252e+10 5.4909e+10 6.2257e+10 4.1829e+10 4.5579e+10 5.1476e+10 5.4312e+10 4.6959e+10 4.4865e+10 3.4602e+10 3.6811e+10 4.3582e+10 5.0055e+10 7.3581e+10 4.6459e+10 5.1656e+10 2.0335e+10 3.3099e+10 3.933e+10 5.3226e+10 2.9522e+10 3.5289e+10 1.3162e+10 3.0582e+10 3.4471e+10 2.888e+10 3.9182e+10 2.1807e+10 3.1626e+10
2.8088e-08 1.8226e+10 3.3552e+10 1.7533e+10 3.4667e+10 1.9697e+10 2.8812e+10 4.0563e+10 5.8447e+10 6.0809e+10 6.285e+10 5.2065e+10 4.2234e+10 4.2791e+10 3.1201e+10 2.5108e+10 7.1665e+10 6.7599e+10 4.9007e+10 5.2573e+10 3.5026e+10 2.8993e+10 3.0094e+10 3.6768e+10 2.9111e+10 2.9739e+10 1.3941e+10 2.463e+10 2.2981e+10 2.7843e+10 2.0974e+10 1.6961e+10 3.8822e+10
3.0488e-08 1.2995e+10 9.7083e+09 2.9409e+10 1.5112e+10 3.1434e+10 2.1994e+10 5.1005e+10 7.6964e+10 6.59e+10 4.1506e+10 3.4597e+10 4.0919e+10 6.8995e+10 3.9928e+10 3.8771e+10 6.186e+10 5.4485e+10 2.3522e+10 2.7346e+10 3.4588e+10 4.6931e+10 5.5956e+10 2.3991e+10 4.3724e+10 3.0696e+10 1.8224e+10 4.7692e+10 2.7786e+10 3.6135e+10 2.7614e+10 1.6961e+10 2.9145e+10
3.3288e-08 2.0467e+10 3.9155e+10 7.3972e+10 3.3947e+10 2.1122e+10 1.511e+10 3.0438e+10 5.9891e+10 4.2878e+10 3.9425e+10 4.5615e+10 8.4583e+10 7.2504e+10 5.0566e+10 5.3742e+10 7.6227e+10 6.6311e+10 4.4012e+10 8.0827e+10 3.7088e+10 4.7666e+10 3.7319e+10 5.3919e+10 4.5289e+10 5.7258e+10 2.9985e+10 4.9428e+10 3.4179e+10 4.2768e+10 4.141e+10 3.9832e+10 5.6342e+10
3.6888e-08 5.6831e+10 4.3288e+10 7.3143e+10 4.4788e+10 3.0736e+10 6.2257e+10 3.5079e+10 6.8595e+10 4.8836e+10 6.454e+10 6.3531e+10 6.845e+10 3.585e+10 5.0871e+10 7.8092e+10 9.7143e+10 8.6925e+10 4.7988e+10 7.6576e+10 6.2436e+10 5.9682e+10 5.2946e+10 5.1494e+10 6.2386e+10 5.4681e+10 6.0023e+10 4.2319e+10 4.4012e+10 4.3873e+10 5.5178e+10 4.442e+10 5.7102e+10
4.0888e-08 8.0243e+10 2.1431e+10 7.088e+10 3.9642e+10 6.3711e+10 7.373e+10 4.879e+10 6.3155e+10 6.4109e+10 7.2188e+10 6.3173e+10 8.4232e+10 6.8605e+10 1.0032e+11 7.142e+10 8.6871e+10 7.0973e+10 8.1119e+10 8.3456e+10 9.255e+10 1.0737e+11 6.8682e+10 6.6797e+10 6.2112e+10 6.578e+10 7.5081e+10 5.8686e+10 7.5209e+10 6.0594e+10 6.9602e+10 5.9764e+10 7.0502e+10
4.4888e-08 4.0891e+10 1.706e+10 1.3347e+11 5.1306e+10 7.2654e+10 6.269e+10 1.2389e+11 7.0268e+10 8.9376e+10 9.6911e+10 9.7571e+10 8.0374e+10 9.512e+10 1.3329e+11 9.4641e+10 8.2069e+10 1.1193e+11 1.4602e+11 1.1052e+11 1.231e+11 1.0507e+11 8.8387e+10 8.4266e+10 1.0822e+11 9.5761e+10 1.0961e+11 5.7529e+10 7.2563e+10 8.1045e+10 7.6886e+10 9.5782e+10 9.8956e+10
4.9288e-08 3.3276e+10 9.018e+10 1.2716e+11 1.134e+11 9.7486e+10 1.3007e+11 1.2681e+11 1.1193e+11 1.0578e+11 1.1587e+11 1.3345e+11 1.3148e+11 1.3948e+11 1.2613e+11 1.4618e+11 1.3506e+11 1.2426e+11 1.5277e+11 1.3605e+11 1.3304e+11 1.4545e+11 1.1712e+11 9.431e+10 1.5422e+11 1.085e+11 1.3622e+11 8.5845e+10 1.0404e+11 9.441e+10 1.1655e+11 1.0127e+11 1.4329e+11
5.4088e-08 7.5119e+10 1.1096e+11 1.0454e+11 9.9876e+10 1.3605e+11 1.0725e+11 1.6713e+11 1.426e+11 1.6703e+11 1.3599e+11 1.5311e+11 1.6244e+11 1.5472e+11 1.38e+11 1.6608e+11 1.6605e+11 1.8461e+11 1.4447e+11 1.5387e+11 1.4695e+11 1.7879e+11 1.2686e+11 1.1584e+11 1.6716e+11 1.3868e+11 1.7683e+11 1.3827e+11 1.3603e+11 1.361e+11 1.3552e+11 1.4059e+11 1.2883e+11
5.9288e-08 9.9297e+10 1.4085e+11 1.2187e+11 1.5714e+11 1.4713e+11 1.47e+11 1.6144e+11 1.7284e+11 1.8766e+11 1.7837e+11 1.8254e+11 1.7888e+11 1.8188e+11 1.6169e+11 1.5096e+11 1.568e+11 2.0173e+11 1.851e+11 1.8169e+11 1.7624e+11 1.9205e+11 1.5715e+11 1.8359e+11 1.9171e+11 1.8235e+11 1.8899e+11 1.7937e+11 1.4154e+11 1.748e+11 1.5069e+11 1.3967e+11 1.7629e+11
6.5288e-08 1.0216e+11 1.2727e+11 1.3736e+11 1.4794e+11 1.237e+11 1.6854e+11 1.5687e+11 1.7865e+11 1.9604e+11 1.8228e+11 1.9503e+11 1.7004e+11 2.0196e+11 1.9978e+11 1.8786e+11 1.7745e+11 1.9174e+11 1.6879e+11 1.864e+11 2.1111e+11 2.0554e+11 1.912e+11 1.9028e+11 2.3267e+11 1.698e+11 1.8157e+11 1.7661e+11 1.7888e+11 1.8188e+11 1.8676e+11 1.7751e+11 1.3281e+11
7.2088e-08 1.0535e+11 1.1379e+11 1.3052e+11 1.4263e+11 1.6851e+11 1.798e+11 1.9384e+11 1.7677e+11 2.0975e+11 1.6589e+11 2.032e+11 1.6307e+11 2.0006e+11 1.9044e+11 2.0322e+11 1.7299e+11 1.8954e+11 2.0773e+11 2.2182e+11 2.4645e+11 2.3076e+11 2.0021e+11 2.6563e+11 2.3234e+11 2.014e+11 1.8225e+11 2.0089e+11 2.1627e+11 2.0776e+11 1.8314e+11 2.1669e+11 1.9342e+11
7.9288e-08 8.0243e+10 1.2738e+11 1.0587e+11 1.309e+11 1.1519e+11 1.4577e+11 1.5473e+11 1.5982e+11 1.826e+11 2.0398e+11 2.1524e+11 1.8233e+11 1.9632e+11 1.5728e+11 1.749e+11 1.9668e+11 1.9e+11 1.7552e+11 2.5411e+11 2.0497e+11 2.2574e+11 2.3313e+11 2.4362e+11 2.2897e+11 2.0124e+11 2.1566e+11 2.2847e+11 2.3649e+11 2.0668e+11 2.0936e+11 2.1544e+11 1.96e+11
8.6888e-08 7.345e+10 1.383e+11 1.5866e+11 1.6767e+11 1.3734e+11 1.648e+11 1.5309e+11 1.9006e+11 1.6955e+11 1.8914e+11 1.8633e+11 2.1113e+11 2.2998e+11 2.057e+11 1.9879e+11 2.026e+11 2.0531e+11 2.0271e+11 2.3179e+11 2.2769e+11 2.3733e+11 2.1288e+11 2.6679e+11 2.4443e+11 2.0609e+11 2.4682e+11 1.9082e+11 2.1207e+11 2.0535e+11 2.0713e+11 2.047e+11 2.1764e+11
9.5688e-08 1.1979e+11 1.5731e+11 1.2346e+11 1.1673e+11 1.4226e+11 1.779e+11 1.5701e+11 1.8299e+11 1.6496e+11 1.8436e+11 2.1703e+11 2.284e+11 2.01e+11 2.2655e+11 2.4057e+11 2.1785e+11 2.0479e+11 2.4791e+11 2.4472e+11 2.105e+11 2.1844e+11 2.068e+11 1.9149e+11 2.6124e+11 2.0843e+11 2.1411e+11 1.9982e+11 2.2007e+11 2.3187e+11 1.981e+11 2.0005e+11 2.3598e+11
1.0529e-07 1.2163e+11 1.5437e+11 1.4434e+11 1.1435e+11 1.8547e+11 1.4064e+11 1.6285e+11 1.8126e+11 1.9342e+11 1.8658e+11 2.1124e+11 2.0679e+11 2.3095e+11 2.1811e+11 2.2583e+11 2.1342e+11 2.1046e+11 2.545e+11 2.5319e+11 2.0416e+11 2.2642e+11 2.1381e+11 1.9949e+11 2.3331e+11 2.1344e+11 2.4748e+11 1.8745e+11 2.1338e+11 2.4252e+11 2.0239e+11 1.9289e+11 2.0468e+11
1.1569e-07 6.0119e+10 1.6775e+11 1.4048e+11 1.2068e+11 1.4632e+11 1.643e+11 1.6798e+11 1.5773e+11 1.8497e+11 1.8314e+11 2.0607e+11 1.8874e+11 1.9448e+11 2.1878e+11 2.0712e+11 2.2045e+11 2.2411e+11 2.1806e+11 2.4937e+11 2.4052e+11 2.4107e+11 2.3201e+11 2.3369e+11 2.5721e+11 2.2913e+11 2.3664e+11 2.1613e+11 2.0917e+11 2.244e+11 2.1919e+11 2.0872e+11 2.2885e+11
1.2769e-07 7.8309e+10 1.1374e+11 1.1397e+11 1.174e+11 1.584e+11 1.8454e+11 1.9766e+11 1.8286e+11 1.7426e+11 2.1397e+11 1.8112e+11 2.2254e+11 2.0886e+11 1.9417e+11 2.2239e+11 2.0497e+11 1.9747e+11 2.5154e+11 2.1203e+11 2.0992e+11 2.5741e+11 2.311e+11 2.2775e+11 2.6323e+11 2.5491e+11 2.1163e+11 2.128e+11 2.2069e+11 2.1386e+11 2.1081e+11 2.3096e+11 2.2673e+11
1.4049e-07 4.2444e+10 9.2845e+10 1.1477e+11 1.3907e+11 1.4893e+11 1.5764e+11 1.6065e+11 1.7016e+11 1.71e+11 1.7366e+11 1.9725e+11 1.8565e+11 2.0005e+11 2.2532e+11 2.0405e+11 1.9772e+11 1.9633e+11 2.0879e+11 2.1472e+11 2.3133e+11 2.269e+11 2.3492e+11 2.1429e+11 2.3292e+11 2.224e+11 2.366e+11 2.3917e+11 2.2408e+11 2.0542e+11 2.0325e+11 2.0953e+11 2.2778e+11
1.5449e-07 6.0218e+10 1.3739e+11 1.6061e+11 1.4232e+11 1.3564e+11 1.5506e+11 1.6764e+11 1.8744e+11 1.7021e+11 2.0126e+11 2.1696e+11 2.4104e+11 2.5097e+11 2.202e+11 2.3613e+11 2.2065e+11 2.454e+11 2.2685e+11 2.6796e+11 2.3672e+11 2.7515e+11 2.466e+11 2.5402e+11 2.6976e+11 2.4327e+11 2.4405e+11 2.555e+11 2.6457e+11 2.3562e+11 2.4839e+11 2.3346e+11 2.356e+11
1.7009e-07 9.3479e+10 1.3423e+11 1.5388e+11 1.8604e+11 1.7573e+11 1.7498e+11 2.0896e+11 1.9449e+11 1.8675e+11 2.1156e+11 2.1423e+11 2.4035e+11 2.6248e+11 2.1735e+11 2.4818e+11 2.3995e+11 2.4697e+11 2.6816e+11 2.6417e+11 2.6895e+11 2.4766e+11 2.4114e+11 2.9655e+11 2.7368e+11 2.5715e+11 2.4886e+11 2.48e+11 2.6683e+11 2.3777e+11 2.5353e+11 2.5975e+11 2.3863e+11
1.8729e-07 6.3805e+10 1.4055e+11 1.3884e+11 1.5491e+11 1.6362e+11 2.0123e+11 1.7921e+11 2.1746e+11 1.8464e+11 2.0154e+11 2.1057e+11 2.1886e+11 2.2263e+11 2.0681e+11 2.2139e+11 2.2173e+11 2.364e+11 2.5192e+11 2.3634e+11 2.3592e+11 2.4194e+11 2.4616e+11 2.4686e+11 2.6787e+11 2.4031e+11 2.4533e+11 2.2425e+11 2.4697e+11 2.4252e+11 2.5419e+11 2.4898e+11 2.698e+11
2.0609e-07 9.7937e+10 9.5616e+10 1.2193e+11 1.3893e+11 1.6465e+11 1.6317e+11 1.5675e+11 1.6148e+11 1.728e+11 1.8879e+11 2.032e+11 1.8214e+11 2.1e+11 1.9375e+11 2.0692e+11 2.3719e+11 2.3859e+11 2.0822e+11 2.4209e+11 2.156e+11 2.5265e+11 2.322e+11 2.1119e+11 2.3524e+11 2.5242e+11 2.5137e+11 2.2174e+11 2.2284e+11 2.3486e+11 2.2571e+11 2.2203e+11 2.6451e+11
2.2649e-07 4.6939e+10 9.2479e+10 1.0624e+11 9.0172e+10 9.9103e+10 1.1801e+11 1.2319e+11 1.2543e+11 1.5103e+11 1.6076e+11 1.667e+11 1.6282e+11 1.697e+11 1.7205e+11 1.6473e+11 1.6625e+11 1.7406e+11 1.8863e+11 2.0655e+11 1.8934e+11 1.7993e+11 1.8694e+11 2.0878e+11 1.9057e+11 2.0183e+11 2.0326e+11 1.8996e+11 1.7835e+11 2.0066e+11 1.9235e+11 1.8289e+11 2.0728e+11
2.4929e-07 3.6761e+10 5.4107e+10 7.7314e+10 5.8157e+10 9.227e+10 8.7458e+10 9.115e+10 1.0065e+11 1.075e+11 1.0505e+11 1.1549e+11 1.1588e+11 1.3677e+11 1.2476e+11 1.3915e+11 1.5006e+11 1.3448e+11 1.5393e+11 1.3919e+11 1.3978e+11 1.5024e+11 1.3341e+11 1.6866e+11 1.5847e+11 1.6262e+11 1.6464e+11 1.6801e+11 1.4984e+11 1.6211e+11 1.5777e+11 1.5495e+11 1.8088e+11
2.7449e-07 3.5851e+10 4.0459e+10 4.2915e+10 4.2871e+10 4.9015e+10 6.2945e+10 6.7813e+10 4.1481e+10 6.0959e+10 6.3493e+10 8.3712e+10 7.9724e+10 9.378e+10 8.9501e+10 9.332e+10 8.4564e+10 9.2068e+10 1.0918e+11 1.0713e+11 8.6583e+10 1.0168e+11 9.9133e+10 1.1694e+11 1.0978e+11 1.1481e+11 8.4748e+10 1.1031e+11 1.1707e+11 1.1724e+11 1.0877e+11 1.0977e+11 1.3328e+11
3.0209e-07 1.7075e+10 1.1497e+10 2.4548e+10 2.094e+10 3.2261e+10 2.2678e+10 3.4679e+10 3.2958e+10 4.0499e+10 3.9754e+10 4.1635e+10 4.409e+10 4.4226e+10 4.2533e+10 4.9303e+10 5.1212e+10 4.7701e+10 4.9131e+10 5.2697e+10 5.1022e+10 6.6305e+10 5.5124e+10 5.6387e+10 5.6552e+10 5.8698e+10 6.2988e+10 6.2752e+10 6.0992e+10 6.0358e+10 7.3852e+10 7.5318e+10 7.1397e+10
3.3249e-07 9.6784e+09 1.3299e+10 3.1698e+10 2.012e+10 1.8889e+10 2.6666e+10 3.939e+10 2.2677e+10 2.8077e+10 3.4355e+10 3.2244e+10 3.8135e+10 3.8197e+10 4.4063e+10 4.4389e+10 4.2061e+10 3.714e+10 4.0591e+10 4.1319e+10 4.3642e+10 5.284e+10 5.0119e+10 5.6057e+10 5.0341e+10 6.0092e+10 5.5239e+10 5.5283e+10 5.8506e+10 5.4274e+10 6.1503e+10 5.5868e+10 6.0641e+10
3.6609e-07 1.1501e+10 1.2662e+10 1.5911e+10 1.2813e+10 2.6227e+10 1.7477e+10 1.9356e+10 2.0639e+10 2.993e+10 3.8382e+10 4.0264e+10 3.7891e+10 3.74e+10 4.617e+10 3.7424e+10 4.2096e+10 3.8007e+10 4.51e+10 4.2503e+10 5.0927e+10 4.6974e+10 5.3375e+10 5.1205e+10 4.9698e+10 4.9943e+10 5.2832e+10 5.9149e+10 5.6091e+10 5.5094e+10 6.3442e+10 6.1519e+10 7.3326e+10
4.0289e-07 1.1928e+10 3.4677e+09 1.0689e+10 1.2119e+10 2.0082e+10 2.0602e+10 2.8475e+10 1.9806e+10 3.1043e+10 3.0796e+10 3.0873e+10 3.5927e+10 4.9012e+10 3.277e+10 4.7226e+10 3.7992e+10 4.0892e+10 4.5044e+10 4.3943e+10 4.7767e+10 4.7235e+10 3.7751e+10 4.7109e+10 4.6522e+10 5.3043e+10 5.22e+10 5.6189e+10 5.6902e+10 5.7252e+10 6.3648e+10 6.1857e+10 7.5269e+10
4.4329e-07 6.5196e+09 8.0967e+09 6.5363e+09 8.384e+09 2.0955e+10 1.5524e+10 2.0968e+10 1.9379e+10 2.7969e+10 2.8552e+10 3.2258e+10 2.8469e+10 3.3857e+10 2.96e+10 3.3832e+10 3.4611e+10 4.0706e+10 4.3589e+10 3.9832e+10 4.4764e+10 4.7867e+10 4.8308e+10 4.6922e+10 4.5615e+10 4.9209e+10 4.9653e+10 4.8859e+10 6.1406e+10 5.6095e+10 6.5365e+10 5.5116e+10 7.0649e+10
4.8809e-07 1.0106e+10 1.0304e+10 8.1826e+09 1.5592e+10 1.9949e+10 1.814e+10 2.2021e+10 1.9447e+10 2.3324e+10 2.7491e+10 2.675e+10 3.0959e+10 2.6851e+10 3.6575e+10 3.1497e+10 3.5889e+10 3.3257e+10 3.6078e+10 4.2146e+10 3.9894e+10 4.6398e+10 4.6514e+10 4.5791e+10 4.1227e+10 4.0201e+10 4.8717e+10 4.2286e+10 4.1379e+10 5.3201e+10 5.8363e+10 4.9588e+10 6.4894e+10
5.3729e-07 8.604e+09 6.8013e+09 1.0633e+10 1.4882e+10 1.506e+10 1.545e+10 1.3906e+10 1.7884e+10 2.1139e+10 2.8212e+10 2.6266e+10 2.61e+10 3.1629e+10 3.6859e+10 3.1432e+10 3.0471e+10 2.9966e+10 3.9072e+10 4.4317e+10 4.1257e+10 3.8702e+10 4.8434e+10 4.1205e+10 5.1343e+10 4.1972e+10 4.3525e+10 4.5628e+10 4.9452e+10 4.8699e+10 5.7006e+10 5.75e+10 6.5061e+10
5.9129e-07 8.3875e+09 1.0304e+10 1.4234e+10 1.6313e+10 1.5203e+10 1.2234e+10 1.0011e+10 2.0768e+10 2.4638e+10 2.4595e+10 2.3818e+10 2.958e+10 3.754e+10 3.3648e+10 3.7766e+10 3.1591e+10 3.5696e+10 4.3924e+10 4.6139e+10 3.7743e+10 4.3173e+10 4.4553e+10 5.0339e+10 4.2924e+10 3.7426e+10 4.2261e+10 5.1136e+10 4.2862e+10 4.4518e+10 4.7918e+10 5.5834e+10 5.8095e+10
6.5089e-07 1.6116e+10 1.4243e+10 1.459e+10 1.4155e+10 1.6933e+10 1.8401e+10 1.8758e+10 1.9741e+10 2.6386e+10 2.6725e+10 2.5994e+10 3.2589e+10 3.2417e+10 3.5498e+10 3.6508e+10 4.0638e+10 3.6519e+10 3.6884e+10 4.7696e+10 4.1524e+10 3.4541e+10 5.2158e+10 4.509e+10 4.0061e+10 4.5439e+10 5.0468e+10 4.1907e+10 4.6908e+10 4.7018e+10 5.2437e+10 5.6401e+10 6.538e+10
7.1609e-07 6.2531e+09 9.639e+09 1.1338e+10 1.3018e+10 1.766e+10 1.7569e+10 1.7722e+10 2.2457e+10 2.7757e+10 2.8607e+10 2.5904e+10 3.1609e+10 3.5701e+10 3.0041e+10 3.7701e+10 3.9716e+10 4.0964e+10 4.8462e+10 4.8157e+10 3.7806e+10 4.6061e+10 4.5798e+10 5.1765e+10 4.6663e+10 4.816e+10 4.3401e+10 4.8344e+10 4.9353e+10 5.667e+10 5.1886e+10 5.6233e+10 6.3677e+10
7.8809e-07 2.5656e+09 8.392e+09 1.011e+10 8.5937e+09 1.2676e+10 1.4323e+10 1.9851e+10 2.0328e+10 2.4418e+10 3.0601e+10 2.6311e+10 3.3434e+10 3.8365e+10 3.6179e+10 3.6975e+10 4.6503e+10 4.2003e+10 4.9368e+10 5.7399e+10 4.9709e+10 4.1663e+10 5.233e+10 5.0645e+10 5.4239e+10 4.8422e+10 4.7229e+10 4.7775e+10 5.0279e+10 5.2639e+10 5.8695e+10 5.7452e+10 6.4785e+10
8.6769e-07 2.7622e+09 5.5471e+09 1.0116e+10 9.7944e+09 1.606e+10 1.49e+10 2.206e+10 2.0891e+10 2.5649e+10 2.9821e+10 2.8959e+10 3.5593e+10 4.3101e+10 3.4498e+10 3.856e+10 4.544e+10 4.6836e+10 4.707e+10 5.5998e+10 4.5508e+10 4.7163e+10 5.3388e+10 5.033e+10 5.0558e+10 4.4901e+10 5.2216e+10 5.7495e+10 5.7131e+10 6.4293e+10 6.471e+10 6.239e+10 6.1985e+10
9.5489e-07 6.225e+09 5.1936e+09 8.8826e+09 1.2682e+10 1.4605e+10 1.6465e+10 1.93e+10 1.7907e+10 2.2769e+10 2.8271e+10 2.6902e+10 3e+10 4.2101e+10 3.4999e+10 3.9398e+10 4.0934e+10 4.1175e+10 4.871e+10 4.7468e+10 4.0444e+10 4.4403e+10 4.8356e+10 4.6876e+10 4.1251e+10 4.957e+10 5.2288e+10 5.9649e+10 5.5746e+10 5.4793e+10 5.9875e+10 6.6032e+10 7.0712e+10
1.0509e-06 1.7343e+09 8.5678e+09 8.7915e+09 1.3009e+10 9.5938e+09 1.2784e+10 1.7562e+10 1.8752e+10 2.3549e+10 2.6387e+10 2.2212e+10 3.0212e+10 3.0332e+10 3.6047e+10 3.8721e+10 4.4714e+10 4.6215e+10 4.2413e+10 5.0717e+10 4.1037e+10 4.3165e+10 4.899e+10 4.8615e+10 4.8415e+10 4.7509e+10 5.5925e+10 5.0576e+10 5.3505e+10 5.7888e+10 6.1698e+10 6.3204e+10 6.8629e+10
1.1565e-06 7.4585e+09 8.7692e+09 1.1597e+10 1.4005e+10 1.2275e+10 1.5551e+10 1.8263e+10 1.5216e+10 2.2208e+10 2.4959e+10 2.1812e+10 3.0273e+10 3.5097e+10 3.0283e+10 4.3781e+10 4.2883e+10 4.5525e+10 4.5036e+10 4.7458e+10 5.0153e+10 4.6593e+10 5.2362e+10 4.9094e+10 4.9378e+10 5.4043e+10 5.0844e+10 5.4423e+10 5.9702e+10 6.4527e+10 6.7065e+10 6.974e+10 7.1662e+10
1.2729e-06 2.7674e+09 1.2333e+10 1.2663e+10 1.3889e+10 1.5489e+10 1.986e+10 1.6712e+10 1.8817e+10 2.2612e+10 2.9785e+10 3.0147e+10 3.4538e+10 3.913e+10 3.5993e+10 4.1722e+10 4.3304e+10 4.0223e+10 4.5645e+10 5.1811e+10 4.994e+10 5.2098e+10 5.401e+10 6.0696e+10 5.7325e+10 5.2616e+10 6.0288e+10 6.2812e+10 7.7559e+10 7.8533e+10 7.4204e+10 7.9752e+10 8.237e+10
1.4013e-06 7.2741e+09 6.2905e+09 1.0114e+10 9.8959e+09 1.4957e+10 1.7571e+10 1.6553e+10 1.6089e+10 2.2369e+10 2.5456e+10 2.7907e+10 2.9013e+10 3.6588e+10 2.8493e+10 3.7428e+10 4.1002e+10 3.8471e+10 4.6712e+10 4.6787e+10 4.6547e+10 4.7065e+10 5.0265e+10 5.1852e+10 5.6729e+10 5.787e+10 5.975e+10 6.4858e+10 6.6737e+10 6.9741e+10 7.0923e+10 7.7935e+10 8.4812e+10
1.5421e-06 7.0419e+09 8.7385e+09 9.3982e+09 1.3374e+10 1.3446e+10 1.5482e+10 1.8403e+10 1.8857e+10 2.1749e+10 2.4508e+10 2.6847e+10 2.7603e+10 3.0907e+10 3.3827e+10 3.7915e+10 3.5543e+10 3.6697e+10 4.6464e+10 4.2567e+10 4.6451e+10 5.2619e+10 4.9084e+10 4.9695e+10 5.3348e+10 5.9008e+10 5.658e+10 6.1953e+10 6.6973e+10 6.7776e+10 7.0447e+10 7.8854e+10 8.8909e+10
1.6973e-06 4.3861e+09 5.623e+09 1.0159e+10 1.4497e+10 1.3246e+10 1.5674e+10 1.6305e+10 1.9266e+10 2.3104e+10 2.5479e+10 2.5894e+10 3.019e+10 3.24e+10 3.6745e+10 3.4897e+10 3.6451e+10 4.087e+10 4.5101e+10 4.591e+10 4.4759e+10 5.1478e+10 5.2001e+10 5.3839e+10 5.6229e+10 5.5029e+10 6.0965e+10 6.7355e+10 6.8184e+10 7.4213e+10 7.4737e+10 8.2539e+10 8.8985e+10
1.8685e-06 5.5366e+09 8.2115e+09 1.0583e+10 1.3207e+10 1.6003e+10 1.2616e+10 1.8765e+10 1.7643e+10 2.1795e+10 2.4205e+10 3.1006e+10 3.135e+10 3.0129e+10 3.7689e+10 3.7431e+10 3.5092e+10 3.9602e+10 4.442e+10 4.7966e+10 4.8338e+10 5.0432e+10 5.8782e+10 6.2146e+10 5.818e+10 6.1592e+10 7.0015e+10 7.0774e+10 7.4877e+10 8.0664e+10 8.1627e+10 8.3451e+10 8.5748e+10
2.0565e-06 6.6244e+09 8.9675e+09 1.3487e+10 1.2531e+10 1.4957e+10 1.5928e+10 1.8826e+10 2.313e+10 2.5684e+10 2.6409e+10 3.0348e+10 3.6095e+10 3.6461e+10 3.9046e+10 4.0602e+10 4.1732e+10 3.787e+10 5.241e+10 5.1099e+10 5.4011e+10 5.6281e+10 6.1203e+10 6.4427e+10 6.6652e+10 6.7366e+10 6.6862e+10 7.647e+10 7.9674e+10 8.4099e+10 8.5701e+10 8.7934e+10 9.232e+10
2.2633e-06 4.9849e+09 9.6557e+09 1.1769e+10 1.2774e+10 1.7311e+10 2.143e+10 2.0847e+10 2.2341e+10 2.6774e+10 2.89e+10 3.3562e+10 3.4637e+10 4.0785e+10 4.0325e+10 4.3972e+10 4.7804e+10 4.5769e+10 5.1046e+10 5.517e+10 5.8889e+10 6.1887e+10 6.5096e+10 6.2544e+10 6.6735e+10 6.7458e+10 7.2306e+10 7.9922e+10 8.7065e+10 8.9808e+10 9.2325e+10 9.2969e+10 1.0288e+11
2.4913e-06 6.1808e+09 9.3745e+09 1.1659e+10 1.2615e+10 1.6768e+10 1.8838e+10 2.092e+10 2.2598e+10 2.7054e+10 2.8028e+10 3.1964e+10 3.5111e+10 3.7641e+10 3.9288e+10 4.3949e+10 4.6176e+10 4.7831e+10 5.4189e+10 5.4163e+10 5.6384e+10 5.9318e+10 6.2626e+10 6.8024e+10 6.6242e+10 7.037e+10 7.3591e+10 8.107e+10 8.4354e+10 9.3725e+10 8.8756e+10 9.8586e+10 1.0351e+11
2.7421e-06 5.5051e+09 1.0779e+10 1.4829e+10 1.2758e+10 1.6717e+10 1.6532e+10 2.2994e+10 2.1735e+10 2.3323e+10 2.4955e+10 3.1389e+10 3.3668e+10 4.3018e+10 3.7833e+10 4.117e+10 4.3376e+10 3.8127e+10 4.8798e+10 5.1405e+10 5.4293e+10 5.761e+10 6.1655e+10 6.2102e+10 6.3402e+10 6.5448e+10 6.973e+10 7.5573e+10 8.2518e+10 8.6723e+10 8.7288e+10 9.2623e+10 1.0003e+11
3.0181e-06 6.1161e+09 1.1707e+10 1.144e+10 1.132e+10 1.4638e+10 1.3254e+10 1.7718e+10 1.7958e+10 2.1248e+10 2.2967e+10 2.8943e+10 3.0843e+10 3.7161e+10 3.7077e+10 3.6073e+10 4.3733e+10 3.6337e+10 4.6484e+10 5.2325e+10 5.0528e+10 5.3148e+10 5.6437e+10 5.6364e+10 5.9772e+10 6.2434e+10 6.2835e+10 7.5198e+10 7.4177e+10 7.9055e+10 8.0165e+10 8.5984e+10 9.1073e+10
3.3221e-06 6.0327e+09 7.684e+09 8.3439e+09 9.6603e+09 1.33e+10 1.2285e+10 1.3606e+10 1.8024e+10 1.9155e+10 2.2048e+10 2.4456e+10 2.6557e+10 3.0522e+10 2.9669e+10 3.3494e+10 3.4478e+10 3.7548e+10 4.3423e+10 4.1875e+10 4.397e+10 4.5472e+10 4.8712e+10 5.5323e+10 5.5699e+10 5.7372e+10 5.8681e+10 6.6884e+10 6.9895e+10 7.4449e+10 7.6375e+10 8.0762e+10 8.6346e+10
3.6565e-06 5.6935e+09 4.9193e+09 7.7693e+09 9.5522e+09 1.098e+10 1.2684e+10 1.4197e+10 1.7278e+10 1.8381e+10 1.9554e+10 2.2116e+10 2.4132e+10 2.9259e+10 2.8335e+10 3.1969e+10 3.4804e+10 3.3921e+10 3.8489e+10 4.0324e+10 4.5548e+10 4.424e+10 5.0474e+10 5.0452e+10 5.1608e+10 5.3332e+10 5.6222e+10 6.0816e+10 6.4718e+10 7.0306e+10 7.3241e+10 7.4603e+10 8.6633e+10
4.0245e-06 4.6384e+09 6.7773e+09 8.2044e+09 9.7603e+09 1.0386e+10 1.0653e+10 1.3439e+10 1.4414e+10 1.6964e+10 1.8627e+10 1.9076e+10 2.4435e+10 2.8004e+10 2.6726e+10 3.103e+10 3.3341e+10 3.3746e+10 3.6058e+10 4.0486e+10 4.4851e+10 4.1715e+10 4.6927e+10 4.8357e+10 5.0174e+10 5.0075e+10 5.597e+10 6.2257e+10 6.5293e+10 6.9423e+10 6.8906e+10 7.6761e+10 8.3821e+10
4.4297e-06 4.2873e+09 4.5587e+09 7.6678e+09 8.6001e+09 1.1077e+10 1.0126e+10 1.3644e+10 1.4405e+10 1.8101e+10 1.9268e+10 2.0142e+10 2.2539e+10 2.5534e+10 2.5045e+10 2.6416e+10 3.2414e+10 3.1566e+10 3.7336e+10 3.6334e+10 4.0215e+10 4.2896e+10 4.3227e+10 4.7335e+10 4.5094e+10 5.1665e+10 5.5718e+10 5.8075e+10 6.3386e+10 6.7722e+10 6.664e+10 7.7948e+10 8.4421e+10
4.8757e-06 1.7375e+09 5.2606e+09 8.0154e+09 9.3405e+09 1.1085e+10 9.8325e+09 1.2493e+10 1.3245e+10 1.5755e+10 1.5999e+10 1.9717e+10 2.2789e+10 2.2951e+10 2.4203e+10 2.9008e+10 3.2348e+10 3.1848e+10 3.5208e+10 3.6844e+10 3.7386e+10 4.0714e+10 4.1757e+10 4.5251e+10 4.6596e+10 4.8282e+10 5.1147e+10 5.8141e+10 6.038e+10 6.6317e+10 6.8955e+10 7.4568e+10 8.2213e+10
5.3665e-06 5.1474e+09 3.9992e+09 6.2818e+09 7.2683e+09 8.8088e+09 8.5638e+09 1.1564e+10 1.2045e+10 1.3068e+10 1.5849e+10 1.8224e+10 1.9409e+10 2.2473e+10 2.2985e+10 2.3143e+10 2.6906e+10 2.7211e+10 3.0724e+10 3.1268e+10 3.2362e+10 3.6769e+10 3.7876e+10 4.3186e+10 4.1848e+10 4.5733e+10 4.6838e+10 5.0927e+10 5.7129e+10 6.12e+10 6.2529e+10 6.743e+10 7.4039e+10
5.9069e-06 2.7115e+09 4.1519e+09 5.7683e+09 6.3492e+09 8.4477e+09 8.1271e+09 9.4959e+09 1.1091e+10 1.2257e+10 1.3685e+10 1.4528e+10 1.7209e+10 1.8101e+10 1.9025e+10 2.0783e+10 2.5247e+10 2.2615e+10 2.5176e+10 2.7557e+10 2.9827e+10 3.1854e+10 3.4849e+10 3.6493e+10 3.8995e+10 3.7202e+10 4.3215e+10 4.6892e+10 5.1496e+10 5.4235e+10 5.7332e+10 6.243e+10 7.1046e+10
6.5017e-06 3.5154e+09 3.937e+09 5.9379e+09 6.2872e+09 7.2592e+09 7.5418e+09 1.0287e+10 1.0672e+10 1.0159e+10 1.1177e+10 1.3785e+10 1.5307e+10 1.7208e+10 1.5786e+10 1.9054e+10 2.1175e+10 2.0322e+10 2.3309e+10 2.5071e+10 2.5457e+10 2.7959e+10 3.0344e+10 3.5147e+10 3.2923e+10 3.4183e+10 3.8746e+10 4.0876e+10 4.6935e+10 4.9981e+10 5.1762e+10 5.5507e+10 6.1743e+10
7.1565e-06 2.2596e+09 2.9168e+09 3.5867e+09 4.727e+09 5.1838e+09 5.1808e+09 6.2276e+09 7.0707e+09 7.7975e+09 8.7441e+09 1.0775e+10 1.1365e+10 1.2829e+10 1.2343e+10 1.5296e+10 1.7819e+10 1.6003e+10 1.8708e+10 2.1866e+10 1.8844e+10 2.2903e+10 2.4246e+10 2.679e+10 2.7074e+10 2.9605e+10 3.0843e+10 3.4334e+10 3.9756e+10 4.3318e+10 4.5115e+10 4.8656e+10 5.2471e+10
7.8769e-06 8.5647e+08 2.0602e+09 2.8482e+09 3.2128e+09 3.3401e+09 3.1842e+09 4.4201e+09 4.8877e+09 5.9767e+09 7.1306e+09 7.481e+09 8.3722e+09 9.5974e+09 9.7282e+09 1.0787e+10 1.2988e+10 1.248e+10 1.3892e+10 1.5169e+10 1.5573e+10 1.7815e+10 1.8759e+10 2.1133e+10 2.051e+10 2.3886e+10 2.46e+10 2.7511e+10 2.9923e+10 3.3552e+10 3.5493e+10 3.8091e+10 4.3417e+10
8.6697e-06 5.4867e+08 1.1958e+09 1.1302e+09 2.1736e+09 3.0491e+09 2.9572e+09 2.8884e+09 3.434e+09 3.8346e+09 4.5482e+09 6.0967e+09 6.3607e+09 7.8185e+09 8.2363e+09 8.9754e+09 9.6609e+09 9.3774e+09 1.0471e+10 1.2127e+10 1.276e+10 1.4849e+10 1.489e+10 1.7357e+10 1.711e+10 1.9613e+10 1.9673e+10 2.1434e+10 2.3501e+10 2.736e+10 2.9307e+10 3.1564e+10 3.4763e+10
9.5429e-06 4.1232e+08 7.431e+08 5.8911e+08 1.5708e+09 1.7835e+09 2.1603e+09 2.7982e+09 2.8837e+09 3.3244e+09 3.5002e+09 4.1957e+09 4.7741e+09 6.6927e+09 5.8872e+09 6.5517e+09 7.2185e+09 7.8067e+09 8.3588e+09 9.0251e+09 1.0279e+10 1.0633e+10 1.1176e+10 1.295e+10 1.349e+10 1.3812e+10 1.5547e+10 1.6592e+10 1.8298e+10 2.1017e+10 2.2741e+10 2.4305e+10 2.8021e+10
1.0504e-05 1.0354e+09 4.2075e+08 7.5539e+08 1.2094e+09 1.3635e+09 1.0425e+09 1.8603e+09 2.313e+09 2.4027e+09 2.7661e+09 3.4989e+09 3.5852e+09 4.3948e+09 4.3669e+09 4.1358e+09 4.9733e+09 5.2107e+09 6.1064e+09 6.3796e+09 7.3473e+09 7.7241e+09 7.9853e+09 9.5321e+09 1.0474e+10 1.0986e+10 1.1286e+10 1.3123e+10 1.4677e+10 1.6299e+10 1.7192e+10 1.9159e+10 2.1815e+10
1.1562e-05 1.3441e+08 4.7287e+08 6.542e+08 8.8786e+08 1.0141e+09 1.2669e+09 1.1607e+09 1.5238e+09 1.4701e+09 1.9188e+09 2.3213e+09 2.5171e+09 3.3321e+09 3.6593e+09 3.2022e+09 3.8145e+09 4.1077e+09 4.543e+09 5.674e+09 4.6714e+09 5.8056e+09 5.855e+09 7.0738e+09 7.8176e+09 8.009e+09 8.6656e+09 9.0613e+09 1.0267e+10 1.1316e+10 1.2499e+10 1.3969e+10 1.5845e+10
1.2726e-05 1.4307e+08 -2.3451e+08 3.4379e+08 7.6703e+08 7.6022e+08 7.1211e+08 9.4956e+08 1.0295e+09 1.3382e+09 1.6037e+09 1.8519e+09 1.8931e+09 2.3828e+09 2.3899e+09 2.9854e+09 2.6132e+09 2.7771e+09 3.3288e+09 3.5542e+09 3.7599e+09 4.334e+09 4.4347e+09 5.1041e+09 5.5547e+09 5.4855e+09 5.8729e+09 7.4437e+09 8.0107e+09 8.6139e+09 9.2811e+09 1.1177e+10 1.2381e+10
1.4007e-05 3.3785e+08 2.8208e+08 2.917e+08 4.5071e+08 6.0565e+08 5.1985e+08 6.3493e+08 8.8336e+08 7.5434e+08 1.0965e+09 1.405e+09 1.6397e+09 1.6978e+09 1.8619e+09 2.0884e+09 2.2937e+09 2.3889e+09 2.7684e+09 2.8815e+09 3.054e+09 3.7838e+09 3.5675e+09 3.9266e+09 4.491e+09 5.0135e+09 5.3314e+09 5.366e+09 6.5175e+09 7.0265e+09 7.9736e+09 8.8715e+09 1.032e+10
1.5417e-05 4.7717e+06 6.1025e+07 4.2649e+08 4.5442e+08 4.4617e+08 4.0441e+08 5.6986e+08 5.9391e+08 8.8812e+08 7.7716e+08 1.2543e+09 1.2935e+09 1.3148e+09 1.8147e+09 1.6887e+09 1.9412e+09 1.7085e+09 2.1646e+09 2.0851e+09 2.1766e+09 2.7808e+09 3.2822e+09 3.1358e+09 3.6143e+09 3.9354e+09 4.3113e+09 4.9206e+09 5.4573e+09 5.7841e+09 5.8606e+09 7.2169e+09 8.2674e+09
1.697e-05 6.4407e+07 2.3841e+07 2.0264e+07 3.9784e+08 2.2959e+08 4.0736e+08 7.0841e+08 5.2749e+08 6.6245e+08 7.4612e+08 1.0311e+09 9.3664e+08 1.1956e+09 1.3749e+09 1.2594e+09 1.4879e+09 1.6296e+09 1.9682e+09 1.9061e+09 1.837e+09 2.651e+09 2.3362e+09 3.1455e+09 3.1372e+09 3.1241e+09 3.7385e+09 3.7541e+09 4.4074e+09 4.7275e+09 5.5965e+09 6.3384e+09 7.147e+09
1.8678e-05 -4.3337e+07 -2.9157e+07 2.4978e+08 3.0505e+08 3.1735e+08 2.0947e+08 3.2513e+08 2.2026e+08 3.8789e+08 5.7583e+08 6.8414e+08 7.8178e+08 8.8668e+08 9.7217e+08 1.1421e+09 1.025e+09 1.1221e+09 1.2803e+09 1.3807e+09 1.6554e+09 1.8488e+09 1.8291e+09 2.0858e+09 2.4062e+09 2.5978e+09 2.9358e+09 2.7957e+09 3.6551e+09 3.729e+09 4.1421e+09 4.7022e+09 5.6198e+09
2.0559e-05 -6.4929e+07 -2.548e+07 -4.5464e+07 1.0898e+08 3.0918e+08 1.1986e+08 3.3299e+08 2.7865e+08 3.4206e+08 3.2952e+08 4.0881e+08 6.8071e+08 6.2427e+08 9.2397e+08 8.2666e+08 8.3536e+08 9.7254e+08 9.1377e+08 1.1988e+09 1.3138e+09 1.5087e+09 1.4297e+09 1.611e+09 1.7498e+09 1.8353e+09 1.9859e+09 2.1307e+09 2.6466e+09 2.7548e+09 3.1944e+09 3.355e+09 4.1164e+09
2.2629e-05 -7.3123e+07 2.9242e+07 -1.8237e+07 1.9745e+08 1.5245e+08 2.315e+07 6.9657e+07 2.2003e+08 2.3498e+08 2.5041e+08 4.2452e+08 3.8148e+08 5.3565e+08 5.1081e+08 7.0401e+08 7.0063e+08 9.6302e+08 7.8585e+08 9.0937e+08 1.0275e+09 1.226e+09 1.1625e+09 1.419e+09 1.373e+09 1.5949e+09 1.5868e+09 1.903e+09 2.0829e+09 2.4182e+09 2.7076e+09 2.876e+09 3.3026e+09
2.4908e-05 3.3159e+07 -1.1052e+08 -4.7127e+07 2.8968e+08 2.1166e+08 2.0084e+08 2.2742e+08 3.0039e+08 2.8795e+08 2.0471e+08 2.9167e+08 5.3122e+08 5.9969e+08 5.8939e+08 5.7726e+08 6.9398e+08 6.6631e+08 5.5542e+08 7.6137e+08 7.3783e+08 1.1808e+09 1.2167e+09 1.1415e+09 1.3914e+09 1.7636e+09 1.6247e+09 1.9761e+09 2.1784e+09 2.2507e+09 2.4372e+09 2.9873e+09 3.1586e+09
2.7416e-05 6.142e+07 3.0553e+07 1.9411e+08 8.4987e+07 1.3733e+08 1.1376e+08 7.0118e+07 1.9093e+08 3.2708e+08 3.1725e+08 4.0294e+08 4.6399e+08 6.174e+08 7.4329e+08 6.2498e+08 4.9965e+08 7.2345e+08 1.0135e+09 1.0897e+09 8.0236e+08 1.1406e+09 1.3475e+09 1.3354e+09 1.7806e+09 1.7784e+09 2.0764e+09 2.3008e+09 2.3254e+09 2.5568e+09 2.6944e+09 3.1683e+09 3.8044e+09
3.0176e-05 6.5458e+07 4.2248e+07 -1.334e+07 1.0184e+08 2.254e+08 1.8038e+08 3.0026e+08 2.258e+08 1.2464e+08 3.3352e+08 5.8421e+08 5.1568e+08 5.586e+08 6.8457e+08 6.4714e+08 9.8555e+08 9.2728e+08 1.05e+09 9.2482e+08 1.0244e+09 1.319e+09 1.303e+09 1.4597e+09 1.7729e+09 1.9689e+09 2.0276e+09 2.0295e+09 2.8084e+09 2.9405e+09 3.2234e+09 3.7819e+09 4.2809e+09
3.3215e-05 3.658e+07 -3.1131e+07 6.8959e+07 1.656e+08 2.0559e+08 1.4893e+08 1.5534e+08 1.3268e+08 2.3013e+08 2.7626e+08 3.106e+08 3.9627e+08 4.386e+08 5.0219e+08 5.8317e+08 5.0246e+08 7.3961e+08 9.3056e+08 1.129e+09 7.9933e+08 9.8379e+08 1.1744e+09 1.199e+09 1.4489e+09 1.6714e+09 1.8456e+09 2.0214e+09 2.4094e+09 2.4253e+09 2.5524e+09 3.0009e+09 3.9699e+09
3.656e-05 -1.8079e+08 -9.1038e+07 -4.8717e+07 7.5138e+07 4.5216e+07 1.3013e+08 -3.4057e+07 9.0214e+07 1.9389e+08 1.2183e+08 2.7784e+08 3.0119e+08 3.7975e+08 4.6892e+08 4.7822e+08 4.6707e+08 4.3575e+08 5.5559e+08 7.0786e+08 7.3548e+08 8.8583e+08 9.0057e+08 1.0526e+09 1.0816e+09 1.2255e+09 1.3936e+09 1.4731e+09 1.7145e+09 1.9295e+09 2.043e+09 2.5778e+09 3.1717e+09
4.0241e-05 -1.9278e+08 -1.9228e+08 -2.4205e+07 2.7445e+07 9.9769e+07 6.039e+07 -4.9747e+07 1.0738e+08 1.35e+08 1.6608e+08 2.2945e+08 2.1382e+08 3.6255e+08 2.8387e+08 3.6762e+08 4.5059e+08 4.8469e+08 4.3141e+08 4.6627e+08 4.5155e+08 5.5206e+08 6.7596e+08 7.1611e+08 8.1322e+08 9.2887e+08 1.056e+09 1.1351e+09 1.404e+09 1.4754e+09 1.9248e+09 1.9588e+09 2.4477e+09
4.4293e-05 -2.4656e+08 -2.2168e+08 -9.8134e+07 1.3252e+08 7.7273e+07 2.1975e+06 -6.0803e+07 1.0689e+08 1.9072e+07 8.9123e+07 1.4658e+08 1.1327e+08 3.0128e+08 2.2544e+08 2.2665e+08 2.9098e+08 3.6989e+08 2.7702e+08 3.7539e+08 3.1527e+08 3.8136e+08 5.064e+08 5.9124e+08 6.3277e+08 6.9148e+08 6.5749e+08 8.6363e+08 9.797e+08 1.1178e+09 1.3498e+09 1.4427e+09 1.8181e+09
4.8753e-05 -5.1733e+07 -5.3786e+07 -2.2996e+08 1.3163e+08 6.3818e+05 -7.3238e+07 -3.6868e+07 3.2723e+07 1.8878e+07 8.1834e+07 1.6121e+08 9.9704e+07 1.7597e+08 1.7351e+08 1.3277e+08 2.4957e+08 1.7393e+08 1.4896e+08 3.1848e+08 2.5166e+08 3.5655e+08 2.457e+08 4.4542e+08 4.5033e+08 5.345e+08 6.0113e+08 6.528e+08 6.0844e+08 7.4342e+08 9.2461e+08 1.1787e+09 1.3791e+09
5.3662e-05 -1.727e+08 -2.205e+08 -4.0494e+07 2.2707e+08 6.4555e+07 -6.3827e+07 1.8558e+07 1.0432e+08 1.2488e+07 -1.5491e+07 1.1859e+08 1.1343e+08 7.3516e+07 1.8824e+08 1.2271e+08 1.9736e+08 1.8955e+08 1.6776e+08 2.4398e+08 2.5858e+08 2.9575e+08 3.2634e+08 3.8111e+08 3.7889e+08 3.7502e+08 4.788e+08 6.3277e+08 6.2881e+08 8.7318e+08 7.9368e+08 1.1385e+09 1.2044e+09
5.9066e-05 -1.0935e+08 -1.3378e+08 -1.3269e+08 9.617e+07 -3.5082e+07 -8.5966e+07 7.0845e+06 5.2581e+07 -3.1883e+07 -1.5596e+07 1.7965e+08 4.2038e+07 8.4264e+07 1.4571e+08 9.1327e+07 1.7937e+08 2.1172e+08 4.9163e+07 1.7039e+08 1.5062e+08 2.3902e+08 2.7227e+08 2.4852e+08 3.6465e+08 3.3795e+08 4.2322e+08 4.6452e+08 5.0614e+08 6.6752e+08 7.3082e+08 9.1947e+08 1.1022e+09
6.5013e-05 -3.2156e+08 -9.9198e+07 -2.5458e+08 1.6721e+08 -1.8947e+07 -5.9318e+07 -3.1015e+07 6.0506e+07 -1.6046e+07 1.4353e+07 8.4972e+07 5.8304e+07 1.0659e+08 9.4206e+07 6.438e+07 1.143e+08 1.063e+08 8.1201e+07 7.8207e+07 1.0532e+08 2.2625e+08 1.9706e+08 2.4239e+08 3.2359e+08 2.8232e+08 3.6294e+08 3.6962e+08 4.4468e+08 5.5994e+08 6.724e+08 7.3027e+08 9.5816e+08
7.156e-05 -2.2396e+08 -8.3754e+07 -1.9816e+08 1.4107e+08 8.2858e+07 -7.5263e+07 4.4457e+06 -4.2258e+07 -7.446e+07 -2.2936e+07 5.0614e+07 9.9682e+07 1.0709e+08 1.5524e+08 1.1453e+08 8.6764e+07 1.709e+08 9.9387e+07 6.7336e+07 1.4603e+08 2.0116e+08 1.6338e+08 1.8959e+08 2.0666e+08 2.4973e+08 3.0312e+08 4.2081e+08 3.6576e+08 5.6309e+08 5.6831e+08 6.0817e+08 6.7374e+08
7.8765e-05 -9.5857e+07 -1.412e+08 -2.5423e+08 8.9994e+07 4.4324e+07 -2.494e+07 -2.2145e+07 4.181e+06 -7.2934e+07 -1.3291e+07 -2.0509e+07 9.1989e+07 9.1779e+07 1.3966e+08 1.7838e+07 1.1693e+08 1.4949e+08 5.631e+07 5.2926e+07 1.4927e+08 2.0987e+08 1.7721e+08 2.5147e+08 2.3306e+08 1.9411e+08 3.0405e+08 3.8341e+08 3.986e+08 5.7821e+08 5.2613e+08 6.8608e+08 8.4016e+08
8.6696e-05 -1.6983e+08 -7.9788e+07 -1.9686e+08 6.4338e+07 -2.502e+07 -3.9556e+07 6.3208e+07 -3.7419e+07 -1.7366e+07 -7.4821e+06 -1.6746e+07 1.0735e+08 6.589e+07 1.8292e+08 7.7487e+07 6.5393e+07 9.2069e+07 8.8803e+07 5.4431e+07 7.7098e+07 9.3159e+07 1.8857e+08 1.8391e+08 2.3276e+08 1.6981e+08 3.0128e+08 3.8003e+08 3.5004e+08 4.8087e+08 4.0399e+08 5.5915e+08 6.1553e+08
9.5426e-05 -9.677e+07 -1.0196e+08 -1.1772e+08 5.497e+07 3.6966e+07 -5.2397e+07 5.2626e+07 -1.4585e+06 -4.9068e+07 -4.4773e+07 -7.9142e+06 1.2465e+07 1.0947e+08 1.6639e+08 4.5493e+07 1.1896e+08 4.5072e+07 4.4327e+07 7.1347e+07 5.353e+07 1.2338e+08 1.5778e+08 1.6282e+08 1.9409e+08 2.1684e+08 2.1785e+08 3.4937e+08 2.7318e+08 3.205e+08 3.7779e+08 4.7227e+08 5.8359e+08
0.00010504 -2.9213e+08 -9.6116e+07 -2.7664e+08 1.5025e+08 3.157e+07 -1.5461e+07 7.3827e+07 3.6607e+07 -8.9874e+07 -5.1575e+07 -2.7835e+07 2.2544e+07 9.3638e+07 1.1827e+08 2.8249e+07 1.1297e+08 5.9233e+07 -3.3446e+06 8.895e+07 3.844e+07 8.2146e+07 1.2658e+08 1.3898e+08 1.2383e+08 1.9504e+08 2.0846e+08 2.8989e+08 1.5878e+08 2.7578e+08 3.7192e+08 2.9882e+08 4.7316e+08
0.00011561 -3.5377e+08 1.4052e+07 -2.193e+08 1.4229e+08 1.5655e+08 -4.6166e+07 1.1817e+08 6.0524e+06 -1.1632e+08 -2.7992e+07 -5.9659e+05 8.8089e+07 8.6658e+07 1.0083e+08 -1.3431e+07 1.1673e+08 8.1671e+07 2.046e+07 8.7431e+07 2.0325e+07 7.6696e+07 1.149e+08 1.0497e+08 1.7224e+08 1.7229e+08 1.7072e+08 2.9792e+08 2.1862e+08 3.1203e+08 2.7428e+08 3.5264e+08 4.3201e+08
0.00012725 -2.6948e+08 -8.147e+07 -1.6137e+08 1.1978e+08 1.0553e+08 -2.2706e+07 1.6069e+08 2.7816e+07 -2.6114e+07 -5.3821e+07 4.344e+07 7.2816e+07 5.9107e+07 1.2381e+08 5.0714e+07 1.3051e+08 9.8548e+07 2.4521e+07 8.116e+07 5.4234e+07 8.6235e+07 1.396e+08 1.1385e+08 2.3255e+08 2.2981e+08 1.9135e+08 2.7223e+08 2.653e+08 3.6177e+08 3.4231e+08 4.313e+08 5.4661e+08
0.00014007 -3.0722e+08 -5.5957e+07 -2.1925e+08 1.6444e+08 1.1384e+08 -5.5988e+07 2.9666e+07 8.2545e+06 1.5704e+07 -8.9294e+07 2.0786e+07 -9.8985e+06 -1.7767e+07 1.2671e+08 2.6942e+07 3.8408e+07 8.6926e+07 9.3777e+06 2.682e+07 -4.3753e+06 -1.7904e+07 4.6956e+07 4.0122e+07 8.7119e+07 6.7312e+07 8.5294e+07 5.1324e+07 7.6568e+07 1.4234e+08 9.9374e+07 1.5099e+08 1.7853e+08
0.00015417 -1.7881e+08 -9.1403e+07 -1.8609e+08 1.3866e+08 4.2936e+07 -9.6716e+07 2.2006e+07 -2.0913e+07 3.7352e+07 -3.8921e+07 3.6474e+07 -1.7366e+07 2.3885e+07 1.049e+08 -2.6303e+07 4.8806e+06 9.6778e+07 -6.6195e+07 2.6671e+07 -2.9723e+07 -2.8943e+07 -2.574e+07 -2.587e+07 6.2009e+07 3.2169e+07 4.0984e+07 2.4684e+07 -5.3301e+07 8.4329e+07 5.8303e+07 5.8684e+07 8.5164e+07
0.00016969 -1.0436e+08 -1.3365e+08 -4.7142e+07 8.743e+07 1.0827e+08 -5.8076e+07 -5.9733e+07 -4.8993e+07 -5.7301e+06 -4.6009e+07 6.7762e+06 -2.2707e+05 2.8094e+07 1.0085e+08 -2.0289e+07 5.0327e+07 7.6822e+07 -3.2202e+07 5.9113e+07 -2.1274e+07 -2.4734e+07 2.8651e+07 4.2875e+06 3.3654e+07 3.5084e+07 3.1405e+07 3.4942e+07 -4.3348e+07 4.3157e+07 5.2757e+07 1.2424e+07 1.8541e+07
